F1,F2,F3,F4,F5,F6,F7,F8,F9,F10,F11,F12,F13,F14,F15,F16,F17,F18,F19,F20,F21,F22,F23,F24,F25,F26,F27,F28,F29,F30,F31,F32,F33,F34,F35,F36,Target
-72.18,995.49,0.6,-21.64,-13656.54,Rest,4748.6,40.72,High,686.04,-479.01,-659.86,-53.52,-54.92,-2747,-47.15,-714.27,1.19,-9137,-95.1,2024.91,4074.7,8.75,-9.69,-8919.01,-19.4,48.87,364.17,16829.4,119.46,2,-244.62,17.19,-1171.32,4,252.58,
-229.68,2337.36,2.02,-17.9,12620.4,USA,3211.32,-140.38,Very low,447.63,-233.88,-396.71,-37,1.76,-1538.28,-8.28,-1899.22,6.02,-8050.64,-116.06,2579.68,2750.12,1.24,-7.02,-7028.43,-12.18,47.46,279.09,7122.78,274.47,3,-440.55,16.79,-2247.8,2,132.25,
-402.24,2830.77,0.04,-35.14,-102.93,UK,3602,387.18,Low,379.98,-237.3,-780.82,-39.36,-169.94,-1938.14,-6.93,7312.88,4.11,-18243.14,-144.94,1256.71,3396.16,2.89,30.06,-11746.25,-13.28,50.88,122.79,21703.32,258.99,5,-269.04,13.77,-1335.86,5,138.75,
-369.66,1331.07,7.36,-15.38,-1616.13,UK,3375.24,126.93,Low,467.16,-327.45,-708.24,-59.08,-69.6,-1642.04,-27.47,6127.24,5.29,-11753.52,-84.38,2639.59,3889.76,3.79,-3.51,-9100.07,-6.6,41.91,216.78,33672.72,253.86,4,-312.69,11.74,-2744.98,4,182.63,
-321.57,1511.7,3518,-29.04,4321.44,USA,5541.96,34.98,Very low,510.45,-161.49,-719.39,-49.7,-98.5,-2346.42,-27.57,9590.39,7.08,-7956.14,-126.64,2141.89,2587.48,5.05,8.49,-13146.3,-7.38,33.48,348.81,15039.12,119.85,5,-415.77,16.55,-408.02,5,165.61,
-150.09,1675.8,1,-17.14,12760.29,USA,4120.96,636.4,Low,603.12,-495.54,-599.93,-51.26,-85.76,-2120.42,5.5,3321.67,3.66,-11064.58,-17.1,1868.38,2250.54,2.53,-14.76,-5315.85,-6.94,71.94,374.91,28649.46,313.53,3,-369.42,23.42,-1664.5,1,180.83,
240.42,1867.65,85.9,-21.74,9782.82,USA,3749.06,245.26,High,487.68,-205.32,-475.06,-36.3,-94.22,-737.48,-24.16,1806.3,9.31,6869.62,-85.78,2827.04,2257.28,4.21,-13.17,-9979.57,6.76,41.79,399.57,16973.18,208.23,2,-403.29,14.75,-2357,3,191.52,
-162.9,901.77,0,-13.16,1767.72,USA,3896.54,312.03,High,452.55,-252.15,-1157.46,-38.58,-78.16,-2410.54,-8.58,-2682.99,4.21,-18690.4,-117.08,2270.31,2259.66,4.21,-5.97,-9960.43,-3.04,65.82,359.13,30545.22,299.43,5,-216.72,12.17,-2858.5,4,163.31,
-250.62,2929.29,0.96,-24.08,-6750.3,Rest,3514.78,-335.61,Low,441,-145.98,-286.59,-36.92,-110.1,-543.52,-16.29,2651.84,2.94,88.64,-206.92,2390.37,2535.66,1.64,25.59,-7839.57,-7.34,37.44,224.55,30731.1,435.93,3,-383.07,28.78,-2121.92,6,202.66,
-201.93,151.89,0.16,-13.32,9593.58,USA,2806.62,212.44,High,474.93,-296.73,-434.93,-36.32,18.28,-1852.26,-58.91,2500.96,-0.73,-6684.94,-110.6,3188.08,2081.1,1.56,-27.33,-10881.69,-12.24,33.87,413.94,26345.1,372.09,3,-241.74,22.48,-1872.06,2,111.2,
-230.82,1584.42,1.72,-20.48,-4519.44,UK,3873.96,131.16,Low,550.71,-208.29,-63.23,-34.28,-53.38,-1563.3,-20.37,-489.45,4.38,-9884.28,-59.84,4070.46,1719.12,1.58,-6.57,-8396.14,-8.12,51.69,299.1,20579.48,232.56,0,-40.89,29.67,-2022.04,2,215.95,
-70.29,1669.86,1.42,-21.52,-1897.11,USA,2280.46,484.09,Very high,427.02,-302.07,-609.72,-24.78,-126.54,-668.72,-11.11,5988.15,5.9,-2584.06,-154.04,2356.15,2865.86,5.04,-4.53,-7996.21,29.82,52.71,218.22,28744.62,228.93,2,-160.89,12.53,-1277.46,6,173.16,
-563.55,3183.54,1.44,-16.78,7846.2,USA,1715.32,42.56,Low,518.88,-279.36,-508.68,-38.44,9.28,-1107.18,-27.75,5918.94,0.95,-6620.86,-113.16,2225.52,2368.22,6.82,-8.73,-13936.42,-15.98,52.5,487.41,15976.68,276.03,1,-340.23,17.55,-1440.6,4,163.1,
-164.28,2003.46,1.44,-12.12,-6049.53,USA,3198.08,185.71,Very high,447.54,-226.98,-712.87,-40.62,-130.02,-731.02,-21.11,-1248.33,4.42,-6201.6,-146.18,2238.75,2904.5,5.5,-6.3,-12858.59,6.08,54.9,153.57,10834.92,226.86,3,-278.7,20.1,-1075.48,3,161.48,
-180.12,700.35,0.16,-18.7,6706.68,USA,4213,173.29,High,629.7,-307.77,-222.73,-40.24,-122.64,-1822.76,-23.48,5268.27,10.38,-4754.52,-153.64,2331.31,2572.3,3.96,-3.06,-8336.7,-6.58,45.18,530.46,13962.92,198.51,5,-235.17,15.22,-652.32,5,186.83,
-217.17,1057.95,0.18,-18.8,3773.85,Rest,3764.12,89.74,Very low,550.92,-223.86,-402.95,-50.64,23.68,-693.66,-26.73,-1686.77,5.97,-705.1,-43.96,1644.99,3957.96,1.95,-11.01,-10174.28,-10.38,43.2,248.04,15660.2,141.39,3,-203.61,18.09,-798.32,3,169.76,
-271.23,1442.28,1.6,-19.56,-5211.15,USA,3772.86,-246.57,Medium,518.13,-373.5,-425.7,-37.8,-71.38,-1681.68,-41.36,-2258.37,3.53,-2233.58,8.84,2320.82,2429.54,4.96,3.21,-11280.38,-1.3,32.67,147.12,23355.9,384.24,4,-319.59,20.13,-1171.64,2,207.21,
-210.57,1887.45,0.06,-24.5,15779.46,USA,3383.36,13.81,Low,565.74,-258.78,-362.37,-18.02,10.48,-1870.58,-10.77,2898.3,7.74,-9513.68,-36.72,1788.56,2773.38,4.76,-23.37,-3678.14,-7.48,56.64,153.03,18819.8,311.88,8,-377.22,18.42,-510.04,3,237.9,
-146.16,592.62,1,-22.7,13289.7,USA,3649.52,301.64,Very high,519.6,-309.66,-481.5,-32.94,0.98,-850.6,23.37,1668,3.43,-15942.12,-139.96,1807.76,1990.08,2.77,-6.12,-6435.71,-26.94,50.28,278.13,17491.66,296.28,5,-188.01,18.23,-1858.18,4,285.26,
-193.11,1374.6,0.32,-30.72,-3863.46,Rest,1918.92,77.93,Very high,721.02,-549.6,-646.8,-37.74,89.62,-1541.12,-45.58,1122.46,0.48,-10119.38,-154.12,2589.74,2021.92,5.55,-11.85,-5231.07,-6.56,73.65,355.59,27441.82,138.93,4,-301.59,21.21,-1040.3,7,173.03,
-339.96,2013.24,0.5,-13.44,-4212.45,Rest,3849.5,-127.99,Medium,338.1,-233.61,-707.96,-49.88,-146.1,-1060.22,-44.4,1317.87,-0.61,265.72,-67.88,2736.21,3037.58,10.94,3.3,-10817.65,-9.98,66.45,325.86,33646.38,306.09,5,-435.81,20.02,-1414.02,3,171.44,
-206.52,2397.09,1.56,-14.78,9694.59,UK,3448.48,-347.21,Low,464.79,-281.1,-773.06,-41.9,-105.02,-2655.32,5.01,1171.1,3.61,-12580.68,-49.56,1781.21,2661.3,3.22,-10.41,-16168.81,-11,64.08,198.63,29360.06,344.46,2,-213.99,14.28,-1779.76,1,168.3,
-197.07,2439.93,13.56,-15,1224.51,UK,4081.1,170.67,Low,431.16,-274.83,-1034.53,-40.68,-22.3,-1449.82,-36.86,2209.92,1.76,-1639.08,-40.6,2388.11,3382,0.99,-3,-12111.64,-10.5,49.11,303.99,17435.1,250.29,5,-348.84,16.07,-1444.78,3,182.53,
-143.49,1860.18,0.2,-15.08,4940.94,UK,4326.6,599.93,Medium,350.7,-440.1,-449.44,-34.68,-65.58,-908.86,-49.1,2802.11,1.82,-12288.84,-89.24,1881.7,2401.58,3.66,3.93,-5455.02,-12.2,70.74,283.92,13142.28,78.15,3,-286.32,15.53,-2252.08,3,149.33,
-92.97,2430.24,2.24,-13.4,12055.53,USA,4439.26,201.26,Medium,499.65,-191.64,-883.74,-69.98,-49.9,-1555.74,-39.6,2365.47,1.83,2378.6,-68.84,2468.41,2313.38,4.8,-6.09,-7809.12,-0.04,48.45,345.3,17911.86,264.84,6,-335.25,14.8,-1287.64,3,152.93,
-208.05,1109.1,14.16,-16.06,26389.53,USA,4239.36,78.63,Very low,355.59,-239.67,-193.68,-32.06,-64.68,-870.4,-5.22,2313.57,9.82,-11679.92,-105.42,2225.79,2042.8,1.53,0.45,-11638.49,-8.2,31.83,250.77,23352.66,426.69,5,-262.62,10.72,-693.78,6,149.84,
70.11,1524.45,0.46,-20.1,7599.99,UK,4064.86,296.37,Low,578.13,-55.65,-210.81,-34.92,-13.96,-1392.12,-65.64,1717.28,5.58,-13747.7,-125.34,2174.25,2757.26,1.81,-17.7,-11618.21,-8.36,62.37,410.25,23882.66,397.86,7,-199.05,19.07,-2363.28,2,226.76,
-313.2,1230.78,0.16,-24.2,12525.54,UK,3637.56,458.93,High,276.72,-245.79,-842.02,-46.72,-38.1,-1352.32,-33.99,-1439.17,9.05,-9756.52,-86.16,2774.75,1587.72,2.24,-2.25,-10152.55,0.22,92.19,384,14283.54,223.29,5,-440.52,19.08,-1221.88,3,209.87,
-239.16,832.32,76.66,-25.28,31132.41,Europe,3852.56,323.47,Very high,183.15,-293.19,-144.98,-41.76,-64.1,-1797.5,-38.51,4822.52,0.16,-8688.66,-32.4,2037.63,1505.16,1.63,-26.25,-8757.47,-12.76,65.52,295.8,14880.96,300.03,3,-279.81,13.2,-1096.2,4,300.47,
-340.77,1949.22,140.72,-18.02,11040.48,Rest,2629.32,43.83,Medium,368.43,-151.77,-577.03,-23.28,-16.46,-1625.14,-14.78,2997.17,-2.44,-10173.64,-125.1,2355.18,2746.5,2.31,-3.27,-4490.98,1.7,49.29,187.29,17159.04,210.45,5,-295.59,27.85,-273.58,4,91.83,
-314.31,2782.35,0.32,-17.16,11897.28,UK,3789.9,506.02,Low,706.83,-229.08,-658.96,-42.98,-111.38,-654.42,-69.89,2783.85,3.49,-167.44,-169.8,2380.09,3914.22,1.57,0.3,-5973.75,1.88,39.36,340.08,19814.64,631.11,4,-400.62,19.49,-1214.16,10,165.37,
-226.77,1146.45,0.1,-24.16,14967,USA,6175.8,178.51,High,329.97,-191.07,-867.91,-37,30.22,-1710.1,-22.49,1904.52,0.87,-5808.04,-80.4,2218.51,3226.88,0.94,-28.05,-11260.64,-8.72,42.81,406.77,20216.58,266.4,3,-264.9,20.32,-1937.06,5,188.43,
-139.08,3348,0.02,-18.84,2450.55,Rest,3163.62,786.44,High,549.09,-298.44,-533.63,-33.58,-115.94,-1425.2,-73.36,1406.2,7.01,-771.72,-77.64,2549.01,2153.24,3.85,-9.9,-9975.79,0.92,41.19,143.82,23886.14,641.37,5,-344.67,21.28,-107.7,7,140.65,
-270.18,1783.77,0.16,-29.86,-2872.98,USA,3698.06,116.35,High,344.88,-184.26,-300.87,-30.9,-105.76,-1307.44,-72.85,-2120.48,8.08,5671.32,-157.82,2757.15,2745.32,0.32,-30.27,-7154.22,-13.6,77.64,317.13,14644.18,264.9,4,-356.61,23.79,-1283.64,2,151.05,
-109.11,2801.07,2.56,-31.36,2409.93,Europe,4042.94,-94.59,Very high,652.53,-451.26,-317.68,-32.02,-25.78,-1170.34,-29.42,-3566.57,11.94,-10368.94,-112.92,2406.24,2690.44,1.24,-11.25,-6520.45,-6.78,62.88,6.33,24603,93.09,4,-215.1,11.61,-2013.04,6,169.77,
-258.9,790.62,399.34,-40.24,13051.17,UK,3351.38,-225.08,Very high,563.67,-359.79,-313.86,-36.6,-58.02,-1500.66,-11.89,-2022.27,1.93,3910.9,-218.36,2165.45,2384.38,6.83,-0.6,-9998.53,-9.42,65.37,133.98,18172.96,311.94,6,-464.52,18.47,-1176.12,6,137.02,
-371.22,3621.96,0,-24.08,5254.14,Europe,4113.52,261.56,High,597.51,-364.02,-625.63,-44.56,-95.28,-1100.66,-68.78,-2963.7,1.92,-4616.44,-53.84,2681.22,3007.5,0.63,-46.02,-13253.8,-9.48,46.98,388.74,32707.38,358.95,5,-365.61,24.23,-1082.5,4,195.25,
-260.25,1503.69,0,-14.78,325.05,UK,3535.54,151.43,Low,504.03,-369.75,-589.84,-51.62,-59.98,-2139.78,-29.45,374.86,6.23,-11381.96,-58.14,2293.03,3207.98,4.5,-4.17,-9389.12,-7.58,55.11,662.82,30602,262.77,3,-329.49,9.84,-1281.02,5,220.01,
-137.58,1884.3,61.06,-18.18,20902.23,UK,3620.96,589.85,Low,528.9,-411.81,-153.09,-18.82,-104.82,-2000.88,1.83,1594.5,6.32,4198.14,-87.64,2525.81,1972.7,5.98,0.09,-5909.87,-28.84,47.46,294.09,19173.54,318.84,6,-201.96,20.04,-1755.9,4,181.22,
-216.54,3495.12,0.12,-20.3,19621.47,Rest,2992,437.41,Very low,672.33,-369.81,-536.07,-36.3,48.04,-1376.42,-65.8,-3183.53,4.81,-17796.84,-38.16,2349.28,3239.44,0.98,-7.44,-6328.72,8.84,41.82,106.95,26224.22,202.26,2,-429.72,21.09,-1128.4,6,168.76,
-80.55,1199.22,0.08,-18.38,13711.17,Europe,3766.08,161.62,Low,495.3,-152.58,-427.2,-39.48,-30.32,-1586.68,2.77,3093.12,1.93,-11783.86,8.22,3339.24,3248.4,4.58,-7.44,-8119.51,-12.36,63.81,388.98,21903.58,370.83,2,-300.75,18.86,-1416.7,5,165.88,
-257.55,1131.93,1.92,-18.64,4927.47,Rest,3832.94,334.65,Very low,431.07,-242.7,-1278.71,-32.62,-28.28,-1055.04,-4.92,822.51,5.8,7264.12,-34.44,2533.68,3028.68,5.32,-24.72,-7173.01,-12.46,41.52,184.71,15166.52,247.44,4,-235.47,17.49,-2594.5,3,182.52,
-424.77,948.57,1.02,-13,-3060.12,Europe,3656.32,364.28,High,304.29,-387.33,-580.04,-38.82,5,-382.72,15.34,2633.51,5.65,-14322.66,-140.14,2028.59,2504.52,3.28,-12.33,-10928.69,-3.14,34.41,318.75,19452.5,101.55,2,-337.5,21.77,-2541.42,2,184.79,
-270.81,2087.07,10.5,-19.28,19096.14,Rest,3671.92,94.99,Very high,484.98,-659.82,-567.2,-40.4,-87,-1680.78,-2.88,-2842,0.73,-17817.32,52.22,2492.65,1703.16,2.96,-21.87,-7085.08,9.3,46.26,199.26,11761.1,231.21,4,-216.87,17.11,-1365.94,3,186.16,
-291.42,2563.59,1.12,-20.46,16284.45,Europe,3401.38,167.49,Very high,80.01,-611.1,-420.24,-33.72,69.1,-1635.74,-18.81,-729.76,1.61,-16175.02,-74.38,2741.79,2876.32,1.83,1.02,-10689.74,-6.76,25.26,274.44,20999.84,417.33,2,-462.09,29.11,-1308.28,6,172.07,
-270.21,2633.7,12.92,-21.3,17353.17,Europe,3695.92,-455.82,High,513.78,-26.73,-786.79,-44.4,-147.84,-2051.4,-1.74,4271.94,0.58,-5558.74,-33.02,2205.56,2563.16,7.74,-28.86,-5802.58,2.92,52.41,494.79,11913.12,211.62,4,-390.69,19.44,-1059.6,4,172.47,
-113.61,3547.47,1.76,-22.78,14035.05,USA,4005.56,262.76,Very low,535.38,-157.95,-886.36,-24.52,-79.46,-2052,18.13,7380.15,4.81,-8707.04,-101.84,2730.16,3144.28,7.05,-1.95,-13813.59,-16.26,44.46,393.81,13149.4,247.77,4,-144.81,18.62,-1096.88,3,171.87,
-185.7,75.9,14.16,-19.3,1199.91,USA,3584.9,-255.75,High,280.53,-315.66,-410.83,-49.46,20.18,-2259.78,-18.98,-35.55,-0.13,-11673.84,-86.08,2324.52,1198.02,4.76,-13.35,-10756.08,-12.82,68.07,211.62,26079.48,208.71,2,-456.45,18.73,-1598.84,4,217.43,
-240.42,1181.58,0.2,-14.38,-6441.03,UK,4150.68,-359.51,Low,309.09,-310.89,-623.1,-33.68,-158.88,-1745.32,-33.48,64.92,3.62,-4857.22,-116.9,1666.92,2485.38,5.62,56.79,-12405.52,-11.8,38.76,342.93,19888.98,272.22,4,-494.52,19.11,-2270.26,7,149.47,
-272.61,1166.76,6.12,-17.92,3597.21,USA,3865.58,170.72,Very low,558.42,-27.9,-412.05,-34.96,-39.08,-1775.68,-71.42,2937.96,1.76,-6828.24,-101.38,2475.23,2988.8,1.77,-12.99,-14284.35,-17.98,40.14,260.25,24169.8,86.13,3,-258.42,21.57,-1066.92,5,156.7,
-311.07,759.09,4.84,-47.1,6721.68,Europe,3681.98,-529.28,Low,467.85,-269.28,-536.88,-38.56,-101.46,-1357.3,-0.73,5513.89,0.91,-3360.28,-127.02,2292.7,1437.62,4,16.56,-4016.44,-9.86,58.53,175.56,28366.02,310.8,4,-422.28,20.3,-906.08,6,205.44,
-231.78,1671.72,3.02,-14.32,13839.54,USA,3123.32,-396.09,Low,418.56,-235.08,-304.23,-32.26,-153.72,-1336.22,10.59,202.06,0.51,-5704.36,-42.8,2418.25,3110.6,5.33,-18,-8546.91,-6.6,60.09,255.69,16301.42,383.82,6,-289.53,23.2,-1021.02,4,211.4,
-123.63,725.07,31.92,-18.78,7707.81,UK,4223.36,-291.39,High,642.03,-294.03,-893.27,-38.1,-47.08,-1809.44,14.96,4170.56,6.51,-3304.44,-85.16,2245.85,1178.3,2.88,-5.1,-7687.42,-4.16,55.32,152.1,27045.34,279.09,5,-400.71,26.85,-1078.56,4,107.8,
-220.32,2838.87,0.58,-19.48,13392.39,Europe,2832.58,221.38,Medium,594.99,-333.21,-397.67,-24.76,-76.72,-1170.18,-80.79,-5642.48,5.73,-6740.4,-125.96,2481.7,2609.98,2.58,-18.18,-12026,-11.26,45.54,248.61,14296.08,408.54,1,-267.03,12.52,-953.88,4,243.07,
-126.69,2634.33,0.02,-21.04,22192.11,UK,2307.84,45.96,Very high,704.04,-584.4,-529.82,-47.5,-126.82,-2227.42,18.85,519.34,5.53,-2943.12,-79.4,2468.56,2197.46,1.22,-5.58,-8942.37,-8.7,26.61,243.21,23631.7,358.92,4,-354.06,23.96,-809.04,5,224.48,
-218.31,1153.35,27,-13.78,5744.55,USA,3458.22,188.31,Low,478.77,-299.31,-966.53,-28.6,-79.02,-1585.12,-23.21,2002.02,8.65,-1433.68,-107.48,2870.96,2989.68,5.05,1.11,-8135.48,14.64,86.67,547.32,23659.06,46.35,9,-249.27,13.15,-2105.58,8,146.17,
-196.05,1900.59,0.02,-18.16,8390.13,Rest,3154.52,48.14,Very low,570.09,-181.68,-827.88,-43.72,4.22,-666.42,-35.89,4540.72,5.69,-15651.74,83.56,2253.1,2735.76,10.6,-6,-8122.57,-7.66,69.09,113.34,24619.24,34.08,3,-384.6,16.67,-1353.72,4,165.69,
-152.76,3567.93,236.08,-15.02,10628.4,UK,4585.1,356.52,Very low,383.1,-290.28,-359.47,-42.16,-46,-1083.72,-43.43,3366.15,5.56,-7077.16,-63.54,2404.36,2407.98,1.17,-0.93,-6111.25,-3.58,50.76,415.26,14596.26,259.95,1,-247.68,23.25,-1809.1,4,230,
-285.69,1933.29,1.28,-13.82,3238.59,Europe,3193.2,142.84,Very low,450.93,-253.05,-710.91,-45.5,-107.82,-775.88,-7.46,2454.18,9.58,-10579.06,92.88,2708.19,2013,0.57,-7.47,-9868.19,-6.14,42.9,322.83,12525.56,667.35,3,-333.27,21.87,-1075.68,2,188.91,
-42.15,1905.18,0.26,-14.14,902.79,UK,3132.06,202.24,High,585.84,-550.02,-384.55,-38.3,1.34,-1763.5,-36.6,6716.27,4.67,-9001.54,-90.58,2413.01,2774.16,2.32,-8.64,-4637.09,-25.9,31.86,476.07,14335.88,245.37,5,-163.44,21.95,-1038.12,4,54.02,
-198.51,1946.22,46.8,-15.3,9558.48,Europe,4983.78,-87.87,Low,261.75,-356.13,-1226.66,-37.24,-46.32,-1334.26,-74.16,-1335.73,6.84,-7592.62,-115.46,3254.13,2184.84,5.92,-6.33,-11289.12,-5.4,50.61,318.06,18001.64,298.14,6,-217.26,16.38,-1545.72,2,258.03,
-231.99,1955.07,2.98,-24.02,-9190.23,USA,2649.52,-228.04,Very high,486.15,-523.89,-692.08,-37.44,-73.52,-1438.1,-141.54,232.34,0.27,-7064,-165.66,2453.4,2206.86,1.94,22.23,-7853.43,-7.78,47.28,377.34,13628.06,391.35,2,-324.12,7.04,-1321.9,3,141.43,
-227.76,1063.2,177.78,-22.28,1243.44,USA,4859.78,-325.75,High,441.57,-182.1,-383.54,-40.34,-12.82,-732.38,-63.37,1832.73,1.46,-9571.1,-45.72,2122.12,2842.82,2.19,-0.78,-10512.36,-5.2,23.85,280.38,17967.8,242.43,7,-366.69,20.25,-1339.64,4,209.09,
-303.69,1264.23,33.48,-14.62,11854.11,Europe,3435.8,189.25,High,474.45,-275.31,-374.61,-39.96,-208.52,-2257,12.01,-338.48,3.41,-10999.78,-39.9,2383.53,2174.04,0.56,-16.5,-8561.9,-6.58,47.49,255.21,27192.04,313.5,5,-404.94,18.43,-2135.48,6,156.31,
-209.88,1899.42,11.28,-13.48,10652.97,USA,2465.82,-300.76,Medium,564.48,-283.53,-391.73,-43.4,-77.56,-1200.44,-6.72,1055.28,4.59,-7326.78,-40.28,2325.98,2335.86,3.95,1.23,-5494.25,-20.38,50.04,375.51,18920.46,292.14,2,-280.02,18.18,-2070.64,8,176.33,
-68.01,1029.81,0.72,-16.34,25785.3,USA,4494.9,-184.07,Medium,488.67,-329.61,-392.44,-32.16,-51.74,-1420.32,-33.27,-1443.32,4.79,-3266,-25.16,3226.21,1944.76,0.33,-26.28,-10336.66,-16.66,47.22,96.54,26391.02,285.66,5,-349.5,20.06,-1422.26,3,130.59,
-452.1,2661.6,0.96,-21.14,-382.23,USA,3696.34,128.42,High,582.9,-174.24,-1053.11,-32.44,38.86,-1791.12,29.54,-1317.06,4.77,-7578.62,-117.74,2393.95,1485.52,1.96,-13.65,-10169.71,-7.96,32.31,6.36,21143.72,269.04,4,-292.86,18.6,-2228.74,5,182.02,
-223.41,2191.8,24.26,-23.84,25846.77,UK,4232.52,498.01,Medium,529.53,-365.64,-1482.89,-35.54,-13,-542.94,-28.46,3229.93,1.68,-21021.82,-61.94,1712.63,3365.74,2.08,-0.69,-9294.81,-6.18,47.88,273.6,20807.42,315.66,4,-375.84,11.74,-1949.94,1,164.88,
-290.25,1598.37,1.62,-13.34,19591.44,Rest,1439.4,275.51,High,548.91,-47.37,-540.26,-36.02,-50.34,-1595.92,-14.84,-793.94,2.59,-6978.52,-76.96,2911.91,3347.04,2.56,-2.7,-7687.79,-8.16,44.97,384.96,27275.04,141.54,2,-189,18.76,-1370.66,6,228.74,
-246.96,489.66,0.38,-23.48,507.78,Rest,1208.02,582.82,Medium,123.84,-355.56,-778.79,-26.9,-95.78,-1340.38,-27.29,1413.25,4.96,-6457,-64.3,3011.09,3392.66,3.1,-12.24,-14932.29,-16.96,35.88,278.73,22822.16,-101.07,7,-207.18,20.59,-2080.08,2,154.83,
-407.67,-1293.18,0.46,-25.02,-2966.4,USA,4180.68,390.48,Very high,156.6,-328.95,-934.54,-30.7,-45.8,-2245.14,-36.64,2255.16,8.98,-7970.7,-121.3,2497.69,2861.26,2.96,-14.16,-11940.8,-9.84,29.91,470.76,23789.02,160.56,4,-192.15,19.12,-896.52,2,170.51,
-200.67,3595.53,0.06,-21.88,7986.18,Europe,3469.34,183.81,Low,446.25,-340.26,-549.18,-40.28,-21.86,-918.54,-14.63,5271.8,5.66,-9152.78,-54.68,2488.19,2461.32,7.21,7.41,-7455.16,-18.7,52.38,205.38,17647.42,242.4,6,-321.39,15.44,-693.86,4,223.24,
-78.03,2929.41,0.28,-22.26,4037.7,Rest,5246.24,-331.79,Medium,359.61,-287.82,-1445.56,-28.88,-181.98,-1544.16,-65.28,-1363.13,2.32,-1212.98,-179.52,2497.53,3222.08,7.09,4.59,-7125.79,-22.46,40.23,495.45,8431.32,153.36,4,-302.22,17.53,-1609.86,4,123.78,
-93.24,1197.18,2.02,-21.68,4618.2,USA,4335.64,112.9,Very high,138.72,-221.16,-660.55,-35.34,-157.76,-1203.3,-34.98,6050.31,4.2,-19698,-4.04,2407.8,3178.06,3.98,-11.04,-8134.26,-5.94,42.3,142.44,20960.74,162.39,2,-187.44,20.15,-1699.84,2,232.47,
-224.88,632.97,0.48,-30.34,3245.04,Rest,4247.62,120.48,Very high,457.41,-148.41,-699.67,-37.16,-118.36,-1855.7,-42.19,4290.62,3.59,2891.94,-113.3,3689.64,3130.16,5.22,-7.17,-12925.62,-10.66,78.57,318.69,17390.48,170.37,5,-402.9,20.27,-873.74,0,183.07,
-313.74,1476.78,5.28,-18.48,15173.61,USA,4132.46,-1.91,Medium,639.3,-222.54,-710.17,-39.66,-70.66,-1702.42,36.18,-3272.97,1.77,-3896.66,-39.72,2362,2453.62,3.48,-26.91,-11938.03,-14.6,50.28,202.23,19442.94,332.7,1,-456.99,26.55,-1161.14,2,208.56,
-131.73,3000.87,0.28,-15.86,4051.41,UK,4904.68,183.75,Very low,423.75,-468.57,-482.86,-26.92,-75.28,-1864.18,-56.78,1930.33,0.73,-12080.7,-63.5,2317.97,1759.36,3.22,-2.79,-10645.54,0.8,61.2,359.25,27786.06,475.26,4,-462.45,25.27,-1628.64,5,243.87,
-279.57,354.6,17.2,-14.6,5169.57,USA,3558.86,400.33,High,427.56,-262.86,-381.92,-28.56,-84.44,-998.08,5.28,725.26,5.2,-8757.8,-151.06,2613.94,2365.78,3.8,-8.64,-9869.45,-9.52,45.81,622.92,35489.22,176.49,7,-306.42,18.31,-2177.84,6,239.23,
-224.58,2758.65,4.14,-22.28,671.73,Rest,4209.54,163.53,Very low,519.96,-365.52,-97.5,-36.74,-82.42,-915.66,-65.72,1315.74,4.86,-8364.3,-50.46,2514.94,1763.94,2.31,1.86,-4656.72,-5.38,50.28,259.47,20351.3,44.97,5,-429.78,19.89,-1080.3,2,131.85,
-192.66,462.09,1.38,-14.56,1106.04,Europe,2625.14,-310.66,Low,517.62,-340.68,-694.45,-45.84,-48.66,-1847.52,-31.65,-1117.01,2.29,-12528.96,-75.96,3054.76,3191.92,3.89,5.94,-9185.01,-8.94,34.8,310.44,33742.96,195.87,3,-334.98,20.82,-1957.64,1,218.82,
-238.56,1921.74,0.1,-27.9,18292.95,USA,3827,565.55,Low,260.16,-234.3,-613.77,-38.46,-2.94,-1586.24,-42.79,4958.94,4.14,-7232.9,-5.64,2659.55,3198.72,6.04,3.12,-5808.6,1.82,69.9,308.13,12729.38,210.87,6,-219.87,16.54,-2090.42,5,165.49,
-265.65,3166.44,0,-19.18,16502.13,Europe,5934.9,-216.16,Very high,515.85,-416.49,-771.77,-66.38,-19.84,-1777.94,-20.79,4399.96,2.56,-2844.96,-111.78,2300.28,2101.84,6.07,-1.5,-8058.53,-5.56,52.98,231.93,25646.06,339.03,4,-231.03,20.59,-1708.14,3,153.6,
-207.87,1920.39,0.06,-14.3,6310.77,Rest,3267.24,168.66,Very low,510.36,-207.96,-869.3,-31.88,-100.84,-2475.62,-33.97,2529.74,1,-5174.26,-76.52,2237.14,3814.3,2.25,-8.85,-6379.8,-16.6,55.89,396,23511.72,317.13,5,-378.21,23.3,-1869.94,1,85.6,
-51.57,2598.81,0.04,-34.42,6913.8,USA,3423.6,753.67,High,499.89,-278.85,-565.85,-35.54,-53.28,-1387,-43.18,2130.61,8,-1688.76,-108.8,2139.41,2720.98,4.73,5.28,-7414.08,0.46,43.47,299.46,27912.96,220.14,3,-273.03,13.38,-1440.18,2,169.99,
-325.38,597.36,20.6,-12.56,-2793.96,Rest,3535.04,71.53,Medium,528.54,-231.69,-479.12,-42.34,-125.56,-2085.66,35.09,4271.72,2.4,-9042.76,-148.44,2449.7,2374.2,1.57,-0.42,-7531.23,-12.16,78.99,418.62,22286.92,305.37,4,-344.97,20.1,-1962.38,5,207.86,
-148.68,2510.34,0.02,-29.46,4247.67,UK,3902.98,-23.26,Very high,463.26,-109.71,-534.54,-33.54,35.18,-2327.18,37.93,4134.22,1.51,-5577.64,13.18,1097.35,2079.76,9.35,-11.91,-7070.48,-4.22,50.49,194.16,16292.22,273.09,2,-452.67,16.89,-1253.52,5,136.02,
-265.17,1071.93,2.76,-19.08,3456.36,UK,3529.78,3.83,Medium,489.9,-253.5,-547.88,-39.14,-33.98,-2003.96,0.66,4591.58,6.06,-10321.48,-83.46,895.94,2616.26,2.79,16.86,-9789.32,-14.2,67.5,303.48,21434.1,140.4,4,-342.6,22.18,-883.92,6,159.19,
-292.11,1695.96,2.62,-30.04,-10936.53,Rest,3889.94,214.39,Very high,362.16,-284.82,-890.3,-52.56,-33.7,-1325.14,-73.9,1768.52,2.68,-3719.02,-151.8,2300.52,2682.08,1.37,-7.17,-9665.1,1.16,43.26,323.52,22158.64,17.64,7,-343.17,22.13,-1255.26,2,91.98,
-327.9,2102.91,13.54,-24.44,21480.42,USA,3581.92,317.32,Very low,857.79,-242.91,-572.47,-34.04,-3.08,-1396.06,5.8,6792.47,3.24,-5488.9,-35.32,2014.63,2745.28,1.35,-8.1,-4851.25,-10.82,26.4,332.46,33768,255.24,3,-245.22,21.42,-783.42,5,95.97,
-192.39,3799.95,3.38,-21.88,-10422.54,Rest,3762.76,-55.59,Very low,389.13,-240.06,-465.89,-27.76,-42,-1143.3,-39.31,1319.96,2.02,-2125.3,13.1,2183.86,2305.62,2.26,15.51,-12417.54,5.82,50.04,531.78,25342.7,195.3,3,-410.49,19.16,-2056.52,5,197.18,
-226.98,-35.28,0.36,-14.28,13716.06,UK,4292.8,-83.63,Low,479.25,-385.17,-429.65,-32.34,-45.02,-1009,-54.76,1466.76,2.16,-1821.36,-38.88,2517.38,2265.8,2.81,-10.47,-9321.93,-12.6,54.93,286.95,23931.74,224.37,5,-474.33,21.62,-1772.34,8,149.81,
-634.53,2852.37,0.06,-26.94,9316.86,USA,3656.54,-211.03,Medium,520.23,-328.11,-905.52,-41.22,-82.18,-2188.88,-23.8,-2796.09,3.88,-8967.46,-37,1632.37,2249.8,0.74,-14.61,-4876.02,-2.94,53.55,335.19,26221.7,274.47,2,-249.39,21.35,-1355.84,6,159.13,
-255.72,1491.6,0.04,-16.06,8222.4,UK,3010.82,310.79,Low,485.94,-212.67,-672.12,-34.76,-75.86,-1236.6,-27.73,1215.2,5.62,-9518.38,-47.94,2507.73,2700.34,4.27,34.74,-10515.51,-14.9,48.57,330.87,21954.88,282.06,4,-339.72,19,-1358.64,6,123.88,
-288.36,1890.87,7.48,-31.62,6543.15,Rest,3972.18,647.13,Low,363.36,-69.21,-825.02,-36.48,-181.38,-868.68,-8.96,-837.03,6.39,-7235.86,-17.78,2096.76,2248.58,7.1,2.43,-6936.64,-7.98,48.96,357.69,26543.18,271.83,3,-295.71,22.21,-670.04,3,182.76,
-137.4,571.41,528.76,-16.1,10898.64,USA,3896.22,-125.2,Low,660.15,-249.66,-600.31,-40.24,-44.88,-1842.56,14.27,-577.22,5.92,-11282.94,34,1886.87,2309.86,4.38,-3.09,-4432.02,-11.36,64.83,240.03,24107,163.5,4,-287.22,10.57,-1595.2,6,168.5,
-41.19,2044.74,79.2,-16.22,21030.42,UK,3357.22,-59.29,Low,602.61,-450.87,-579.55,-28.18,-150.58,-1182.02,-34.1,2083.95,10.02,-6351.36,-92.1,1715.4,3135.66,0.85,-6.24,-10778.04,-10.44,79.14,366.96,21879.98,121.74,2,-420.12,19.41,-1436.8,3,178.93,
-77.22,1598.28,0.32,-17.62,-2941.11,UK,3643.3,279.03,Medium,296.37,-285.69,-287.15,-37.88,-19.34,-1564.6,-61.31,9849.55,2.67,2630.76,-107.44,2854.25,3440.62,1.41,-6.99,-8033.03,-8.06,48.33,299.88,24049.58,333.18,1,-272.04,18.64,-1588.58,5,177.34,
-258.51,1205.49,5.56,-18,15826.86,USA,3625.62,16.75,Very high,559.08,-167.4,-549.38,-29.86,-52.26,-1673.92,36.79,-7316.55,1.91,-9115.64,-42.82,2199.74,1297.26,3.19,-3.81,-11090.27,-16.26,50.91,290.67,14117.4,446.13,5,-318.21,20.81,-1893.04,7,123.86,
-235.02,2002.83,1.72,-16.94,-5985.96,Rest,3932.02,-562.14,Very low,274.05,-260.25,-367.24,-37.78,-104.9,-839.98,13.21,3908.46,-0.47,-10290.88,-142.54,2511.29,2816.24,0.6,-31.65,-6078.88,-15.12,49.2,99.18,23365.9,401.88,0,-377.82,21.41,-1109.12,5,102.33,
-197.52,2038.86,1.96,-21.92,6011.64,UK,4726.52,426.63,High,429.9,-225.66,-718.78,-37.32,-28.6,-1502.14,10.21,994.84,1.96,734.78,-7.48,2769.19,1379.48,5.46,-1.08,-12547.93,0.66,37.74,163.08,14900.08,392.13,2,-542.31,22.86,-1490.68,4,148.05,
-314.67,1569.36,1.02,-19.4,-2259.57,Rest,1716.74,-465.11,Very high,470.46,-435.27,-1124.7,-21.44,-177.6,-1390.14,-30.88,4941.92,1.92,-6176.38,-29.38,2106.56,2803.52,1.93,-2.79,-12074.03,-0.74,48.84,536.52,14452.68,230.37,4,-460.05,15.51,-883.64,2,155.14,
-367.29,1322.31,1.12,-17.44,12651,USA,3461.34,494.38,Medium,412.11,-306.51,-1191.36,-27.16,-98.88,-1640.74,-5.95,2466,4.98,1314.5,-57.68,2272.29,2170.74,3.92,-6.36,-3883.67,-14.78,38.01,525.36,29248.82,256.74,5,-380.4,24.12,-1147.58,3,167.8,
-153.81,1546.77,0.42,-15.04,646.38,USA,2904.06,408.17,Very low,519.33,-473.79,-576.69,-31.04,-48.56,-2358.36,-0.52,6308.27,0.01,-13047.92,-130.3,2521.35,2818.4,1.28,-32.22,-6915.01,-4.7,81.3,275.04,19252.62,238.95,5,-343.41,22.86,-2340.8,3,205.5,
-188.01,2148.96,1.38,-23.78,14285.22,UK,2787.72,71.07,High,617.04,-254.34,-769.64,-29.9,-113.96,-1714.98,-59.17,1240.64,6.01,-7474.94,-130.42,1888.54,2707.92,7.5,-10.59,-11218.55,-8.76,40.17,425.94,11315.7,215.1,5,-438.3,19.35,-2008.58,4,194.09,
-241.65,741.99,0.8,-23.1,12063.03,Europe,4408.04,83.09,Very low,453.78,-435.69,-552.11,-36.4,-61.92,-1344.14,22.92,8218.26,5.86,-10897.74,-51.18,1820.19,2187.86,2.01,-13.29,-12055.94,-10.6,60.72,151.14,17412.82,327.63,3,-363.12,20.11,-1956.06,2,187.69,
-236.28,1240.53,7.42,-14.32,6895.38,Europe,4560.74,82.15,High,483.57,-147.39,-790.95,-44.44,39.9,-1166.58,-1.88,2880.81,2.46,-2101.2,-95.74,2358.47,3120.82,2.07,12.27,-3378.6,-5.66,44.22,421.95,23990.58,117.39,5,-435.63,11.25,-474.18,4,202.16,
-229.92,1266.72,0.02,-21.52,-2711.37,UK,3370.7,338.3,High,142.98,-105.03,-966.91,-46.74,-152.36,-1091.14,24.85,3362.27,7.43,-11916.6,-128.22,2402.2,1812.62,1.47,-16.26,-11057.17,-13.86,18.45,309.75,19567.52,347.55,2,-361.44,8.79,-1306.88,8,189.23,
-202.41,1303.8,0.56,-25.62,4184.85,Rest,3914.16,-36.25,Very high,492.72,-301.95,-647.61,-28.22,-55.7,-1270.74,-18.68,971.99,6.79,-3930.86,-41.72,3573.96,2683,7.13,-18.48,-13295.89,-9.26,45.27,203.7,8783.62,381.48,6,-274.62,29.38,-1599.3,4,211.37,
-259.92,2247.78,115.96,-19.12,9475.44,USA,2055.54,-31.15,Medium,432.36,-321.57,81.25,-28.38,-69.02,-2091.88,-18.76,-2805.95,4.03,-4466.76,-46.74,2178.23,2501.08,3.11,2.49,-8041.38,-4.86,45.27,367.11,15931.74,247.02,2,-450.27,21.84,-1065.32,2,85.94,
-168.84,2262.45,0.08,-25.88,7164.96,Rest,2657.96,331.02,Low,519.72,-265.92,-721.02,-62.26,-88.46,-694.88,-133.33,4040.04,3.58,-929.68,-108.06,2877.33,2068.28,7.29,-6.3,-10099.02,-12.16,89.58,371.49,28100.9,241.11,7,-270.78,20.13,-628.02,5,182.35,
-332.55,1239.06,0.08,-14.82,8104.35,UK,3744.78,-200.01,Very high,573.18,-328.2,-767.51,-28.22,-103.44,-2101.26,0.34,4214.7,3.68,-15225.06,13.92,2466.59,883.48,1.29,-6.84,-7885.03,-24.72,62.67,195.27,31826.92,98.52,4,-437.4,16.04,-1509.2,3,157.72,
-257.76,945.93,35.22,-13.24,-3225.15,Rest,3079.44,-30.18,Medium,127.29,-294.75,-1026.11,-35.26,33.32,-2082.38,10.64,3562.48,3.88,-11743.16,-117.52,2389.62,3788.28,4.29,-8.01,-6863.91,-18.92,41.67,337.05,15784.14,236.64,5,-307.38,18.25,-894.58,5,183.8,
-289.98,562.95,0.06,-26.42,-6146.85,Rest,4012.54,429.37,Medium,643.53,-302.28,-208.13,-36.08,-134.14,-2033.46,-78.5,2266.19,5.1,-4915.94,-109.6,2233.19,2494,0.27,-0.39,-10995.95,-18.84,79.41,147.24,14485.16,518.13,4,-276.66,20.42,-834.6,2,177.45,
-348.84,146.91,0.92,-30.72,13453.23,Europe,3523.84,-140.3,Low,904.92,-346.23,-661.42,-36.68,44.18,-601,8.13,2997.13,6.23,-8548.56,-26.4,2326.95,3137.28,0.28,-2.16,-1636.61,6.6,28.14,251.49,25211.22,185.37,3,-433.41,20.06,-96.24,7,150.51,
-149.97,660,10.5,-20.66,21162.48,Rest,3305.46,292.77,Very high,603.78,119.85,-592.28,-35.82,-93.46,-1197.4,-44.51,3460.92,2.86,-5550.98,-123.32,2364.3,1940.36,1.82,46.38,-12720.75,-7.4,48.21,293.91,19172.32,377.94,2,-397.86,21.61,-802.66,4,136.53,
-260.01,-71.04,5.86,-23.54,16735.26,Rest,4166.84,-524.81,Very low,316.2,-139.05,-359.64,-61.84,-85.98,-2028.86,15.27,-1984.45,8.68,-8515.02,-140.98,2472.17,1364.64,2.35,1.65,-13575.71,-6.96,82.14,206.73,14096.8,111.18,4,-364.89,22.57,-975.62,7,154.55,
-138.48,2257.62,21.72,-25.44,7832.19,UK,4767.78,-171.8,Very low,418.41,-296.49,-367.07,-35.26,-103.1,-1478.28,-46.08,-1425.18,1.86,990.9,-167.22,2394.11,3749.1,10.36,8.58,-4571.92,-13.36,56.91,294.87,17968.52,279.09,5,-275.19,18.27,-1463.04,4,172.03,
-272.46,-145.77,0.2,-18.68,10994.22,Europe,3142.2,-116.96,Low,377.4,-259.29,322.17,-24.78,-105.34,-2154.68,-22.47,5332.8,2.54,-16217.52,12.38,2663.55,1658.68,3.44,25.89,-9071.79,0.86,51.66,415.62,17586.5,157.32,3,-365.79,15.97,-4.94,4,140.68,
-232.2,2037.15,318.44,-13.7,8181.54,Europe,3850.18,-70.25,Low,561.78,-131.67,-87.58,-27.46,-164.58,-1522.5,-29.5,-1301.5,0.27,-10016.08,-193.82,1685.22,2073.9,3.37,3.96,-10720.12,-6.82,55.32,268.92,19212.12,197.82,1,-344.4,19.48,-1389.2,3,197.25,
-190.86,3339.45,0.14,-17.06,7317.33,USA,4324.84,90.49,Low,712.14,-331.14,-309.8,-28.24,-109.94,-743.28,-82.01,5376.78,4.98,-15681.14,-45,1840.55,2697.94,3.11,-3.78,-9512.71,-7.52,47.37,294.72,23139.46,384.72,5,-444.03,23.87,-1582.64,2,99.9,
2.97,2267.61,8.58,-13.28,3453.78,Rest,5413.24,251.19,Very low,716.67,-447.06,-529.45,-41.66,10.58,-1999.44,-20.98,1912.02,-0.19,-15090.54,-77.66,2316.55,2389.3,2.25,-29.91,-8400.67,-4.56,42.51,289.56,24817.64,255.66,2,-213.18,19.45,-890.06,6,84.91,
-284.7,729.72,49.48,-24.9,6955.62,UK,4752.74,0.27,Low,129.48,-260.1,-688.36,-51.96,-165.56,-394.72,-13.27,4863.04,1.89,-7307.1,-128.64,2447.97,1768.44,3.98,-9.18,-9518,-9.74,72.15,220.08,21992.92,274.53,5,-358.17,13.66,-1768.52,5,46.16,
-70.89,2807.61,13.2,-15.22,4203.03,USA,3915.08,5.24,Medium,454.83,-225.63,-998.36,-49.12,-128.72,-1733.18,-3.36,5349.21,3.56,-11170.66,-143.42,2783.73,2548.08,3.76,-10.11,-14697.39,-8.12,73.32,68.67,29800.68,23.85,1,-268.44,19.93,-1861.98,6,157.25,
-243.45,2679.51,14.38,-22.56,-3681.42,USA,2826.38,276.63,Very high,624.45,-261.12,-1157.55,-31.26,-14.12,-424.54,-50.05,7059.5,6.06,-5282.54,10.62,2304.44,2721.34,7.09,6.18,-8728.9,-7.12,47.1,390.9,13810.7,356.43,2,-422.97,20.03,-1307.34,7,207.33,
-261.3,873.51,4.34,-25.7,14098.68,Europe,3244.96,-51,Very high,388.89,-306.24,-314.57,-38.64,-121.62,-2941.72,-52.91,1583.57,3.43,-7800.8,-57.48,2477.9,2069.92,5.3,-12.09,-7571.59,-15.08,44.07,285.9,28564.38,180.33,4,-425.19,13.07,-1353.68,1,176.71,
-648.09,2600.76,254.44,-16.18,288.06,Europe,3132.68,-372.11,Low,471.6,-206.76,-241.71,-34.98,-68.3,-1400.98,-73.17,1613.9,3.99,-5182.64,-108.06,1956.25,1428.04,4.02,0.54,-10049.98,-1.3,48.75,238.17,24543.44,238.89,5,-264.33,18.22,-1830.16,1,176.81,
-357.6,1615.05,1.52,-13.6,-5676.72,Europe,2669.92,-104.78,Very low,623.91,-358.17,-876.24,-24.38,-125.24,-590.36,-49.96,7400.12,5.56,-2545.28,-16.62,2280.71,3254.22,10.25,-2.04,-12968.36,-4.9,50.82,291.18,22707.1,339.48,3,-224.34,27.31,-2153.5,2,153.77,
-265.77,1289.82,0.02,-14.3,1376.34,UK,3091.44,343.89,High,592.59,-217.86,-945.53,-39.26,-25.3,-3092.78,1.27,5238.58,1.52,-13242.1,-130.04,2723.33,2739.68,0.06,-3.24,-6267.92,0.68,55.98,357.75,24557.86,323.16,4,-316.05,21.02,-858.18,2,99.89,
-153.03,1632.03,0.16,-19.1,5833.86,Rest,4125.56,563.51,Medium,378.33,-323.67,-1041.57,-39.16,-60.82,-2859.62,-51.68,1609.07,0.73,-13558.68,-42.76,2977.9,2067.9,4.3,-7.74,-14732.41,-31.5,45.48,254.76,23928.7,132.42,3,-152.64,19.54,-246.76,4,180.96,
-246.09,2724.12,11.38,-27.46,-3420.24,Europe,4324.84,-232.81,Very low,754.89,-264.96,-673.92,-57.54,-45.54,-637.82,-60.49,-1909.56,1.7,-2538.08,-98,2479.41,3653.72,1.81,-4.38,-8461.79,-4.94,80.76,270.15,20628.52,498.9,5,-163.02,22.31,-1416.8,5,169.51,
-356.76,3456.54,2.22,-23.26,7731.3,UK,4222.44,331.92,Very high,585.54,-209.07,-543.04,-50.14,-115.04,-1403.32,-20.32,2308.38,5.83,-8863.98,-93.74,2558.22,2165.32,2.69,-10.86,-9376.17,-9.4,42.33,178.89,17447.08,599.58,4,-300.99,20.15,-2055.72,7,171.19,
-387,566.85,0.5,-24.72,5344.71,Europe,4173.44,-176.89,Very high,517.17,-196.98,-555.86,-25.74,-106.74,-1543.46,-10.78,4415.17,5.99,-10703.94,-91.94,2374.5,3460.04,2.34,-22.8,-7987.84,-14.06,61.41,279.54,19286.22,176.1,3,-295.56,19.79,-1598.84,5,139.72,
-233.55,3619.92,0.16,-20.92,-5323.62,Rest,4004.78,351.42,Very low,499.68,-191.52,-394.6,-35.22,-30.96,-1810.56,-36.97,2160.14,2.8,-12846.08,24.18,2452.38,2359.72,4.86,15.39,-8898.53,5.32,41.19,-11.91,20046.16,356.28,4,-425.64,17.47,-1748.8,5,131.55,
-178.35,1927.2,0.2,-12.76,-4240.59,Rest,2471.06,360.32,Low,494.37,-187.41,-253.82,-32.36,-21.76,-1815.22,-88.38,580.79,2.3,-1283.88,-122.56,2120.24,4202.28,0.38,-9.51,-5869.47,-6.4,44.25,242.4,42615.92,229.23,2,-238.53,22.07,-1189,5,170.98,
-220.23,1378.83,0.68,-14.4,3118.08,USA,3926.14,-54.75,Low,491.79,-189.3,-308.97,-33.44,-41.82,-1216.92,-17.7,4649.92,6.4,-7056.04,-58.8,2394.15,2627.58,7.65,-10.05,-8350.68,17.02,73.47,162.03,25727.68,58.11,3,-227.85,21.58,-2014.86,3,161.28,
-174.66,1355.73,0.2,-18.06,1243.53,UK,2936.92,-725.79,High,457.68,-68.49,-544.9,-56.54,-145.72,-1925.26,-62.49,-371.97,8.96,-14035.6,-79.16,2321.01,3554.1,6.56,-8.52,-6787.1,-8.46,39.39,285.36,32648,201,5,-421.29,18.91,-924.58,2,191.29,
-246.03,1331.16,2.08,-16.76,-10803.15,USA,3742,495.82,Very low,521.64,-244.8,-246.18,-29.02,-48.54,-17.42,-56.94,4252.9,2.56,-130.76,-73.14,2666.88,2280.52,2.41,3.36,-16027.87,-2.48,60.42,314.67,30814.74,292.29,3,-293.52,21.77,-816.06,4,136.67,
-307.59,1503.66,313.26,-23.12,-4228.38,Rest,3990.02,401.76,Very low,310.89,-246.6,-524.51,-36.2,-205.54,-2230.3,-28.39,873.16,1.13,-1015.86,-101.78,2348.65,2261.88,7.24,-5.79,-9085.7,-2.44,46.89,179.55,25056.18,118.44,5,-175.77,28.25,-2065.3,3,116.95,
-300.54,3306,0.04,-15.62,3292.98,Europe,3233.82,790.03,Very high,600.78,-195.15,-139.46,-29.14,-150.58,-1128.08,-22.24,5536.12,2.46,-5371.08,-123.96,2471.94,2855.6,9,-1.38,-13267.74,-10.68,48.48,300.51,29028.34,355.05,4,-126.66,21.2,-1044.82,1,65.77,
-282.36,542.58,0,-16.24,617.4,Europe,2943.74,466.53,Very low,384.45,-18.03,-581.3,-28.92,-44.1,-1752.46,-21.96,2078.5,4.31,-11838.28,-121.48,2658.8,1898.84,2.52,-17.85,-13392.52,-6.18,40.05,180.09,21311.2,278.43,2,-259.08,19.04,-756.26,4,174.71,
-212.43,595.59,0.06,-14.42,8260.2,USA,2466.48,220.91,Very low,469.89,-332.73,-328.14,-36.76,-149.72,-2511.8,-45.41,2869.29,8.54,-4510.02,-9.96,3028.91,2548.26,3.22,-0.21,-8520.65,-6.44,50.67,407.07,29495.46,238.26,6,-321.75,25.13,-1675.5,2,161.91,
-290.49,3282,0.12,-25.3,8324.58,Europe,3250.16,-76.5,High,362.13,-218.25,-745.22,-37.7,-139.48,-1191.68,-33.37,-980.7,3.56,-13709.7,-57.84,3083.4,3183.14,1.56,-39.03,-7867.12,-20.8,40.92,472.8,18317.9,357.12,6,-311.76,17.87,-1787.5,2,167.17,
-199.77,1747.68,185.08,-14.44,5638.44,USA,3951.54,303.24,Very low,469.44,-237.36,123.88,-41.2,-66.14,-1616.84,-38.44,5853.66,0.03,-16499.94,-63.14,2717.05,3208.56,2.56,-3.18,-15709.17,-10.1,55.86,-208.62,20420.7,451.14,3,-221.73,22.33,-1246.72,4,163.49,
-394.8,2124.45,0.48,-13.62,7516.41,UK,3444.28,405.42,Medium,441.12,-267.66,-234.8,-39.4,-104.82,-1212.32,10.91,995.8,-0.52,-346.86,33.9,2593,2412.92,1.81,-7.74,-11943.44,-13.46,21.69,255.93,21767,-11.94,4,-439.2,19.2,-1135.26,5,140.72,
-293.34,846.15,7.68,-18.38,-11034.99,UK,3327.12,181.95,High,314.49,-227.58,-866.87,-37.48,-146.92,-1790.24,-12.36,207.3,4.93,-17199.14,-162.46,1946.59,3699.44,5.92,-19.5,-7206.98,-9.14,48,285.33,20720.62,387.24,6,-260.04,21.7,-1783.18,4,298.32,
-210.57,1209.99,0.04,-13.32,-16037.82,UK,3899.68,7.12,Medium,457.38,-438.99,-699.53,-34.94,-127.52,-1271.3,3.1,722.57,-0.27,-12663.3,-22.42,1981.8,1989.82,4.87,-21.06,-4679.62,12.06,43.38,252.69,24443.56,271.77,5,-262.92,13.59,-982.58,4,183.82,
-214.38,3254.88,4.92,-17.6,11986.77,Rest,3474.34,188.64,Very low,444.75,-215.94,-820.97,-28.96,-25.82,-1046.18,-20.38,8430.99,1.92,-12760.1,-165.42,2348.82,3158.2,1.06,-9.24,-12334.37,-7.22,61.08,282.6,10205.92,153.03,4,-201.57,23.05,-2125.78,2,166.23,
-211.56,3658.5,153.74,-13.58,9793.38,Rest,3358.4,-168.73,High,569.04,-245.13,-826.21,-32.84,-125.28,-651.86,-48.41,2331.91,3.94,-6786,-102.74,2404.15,3570.52,6.06,1.62,-6833.69,2.26,55.47,544.17,19358.48,184.92,7,-423.15,17.01,-1868.58,10,193.86,
-148.98,1925.58,0.56,-23.6,15506.07,Europe,3899.74,-130.28,Very low,383.22,-388.41,-738.74,-21.66,-22.18,-1897.58,-30.68,3951.54,6.07,-10063.46,-66.66,2940.83,2950.88,1.68,-15.81,-12259.75,-10.84,64.23,315.51,22870.18,198.81,4,-255.9,8.91,-1115,3,111.56,
-302.58,-1108.74,4.04,-14.9,1586.31,Rest,4275.6,-199.59,Low,745.41,-344.49,-264.85,-37.28,-51.56,-1933.4,0.08,2634.17,3.35,-16716.6,55.28,2811.42,2724.36,3.14,-7.08,-6730.47,-11.38,28.23,418.68,28826.78,362.22,2,-142.5,21.99,-1450.3,2,126.1,
-244.47,285.84,0.12,-19.16,12009.18,USA,3057.28,94.94,Very low,521.19,-87.48,-687.37,-6.22,-61.5,-1385.04,-20.01,-3951.04,4.35,5260.76,-108.38,1919.56,3269.88,1,-18.75,-13370.89,10.08,45.24,173.73,18460.64,238.35,1,-387.96,19.64,-1544.38,3,167.27,
-299.22,2179.89,3.14,-32.3,9721.14,Europe,3198.34,78.44,Very low,495,-266.79,-227.17,-30.08,-124.86,-1135.76,-66.26,3394.06,0.32,-16880,-49.54,3071.68,2971.56,2.82,-11.16,-11895.88,-16.36,53.19,188.97,12483.84,281.37,2,-182.97,19.49,-488.12,6,214.17,
-433.11,1435.47,0.46,-37.16,-6309.33,Rest,4292.1,63.33,Medium,310.65,-364.62,-524.97,-37.16,-89.34,-1019.72,25.27,295.35,3.1,-6914.14,-231.14,1971.31,2227.78,3.4,-0.36,-7581.7,-13.74,44.28,267.75,19550.98,482.07,5,-487.47,16.1,-1611.1,6,174.17,
-140.1,2343.63,1.1,-23.32,10.2,UK,2453.2,295.95,Low,577.17,-132.75,-604.12,-34.6,30.02,-1751.6,-24.88,1548.56,4.78,-8327.32,-18,2232.04,2350.88,9.16,0.72,-11614.21,-10.54,52.32,294,21505.24,335.19,2,-306.69,20.55,-2226.56,6,169.84,
-143.07,1633.41,0.46,-18.68,7659.09,Rest,4162.1,79.79,High,435.09,-292.32,-713.54,-34.74,-106.64,-2191.56,-5.34,1785.05,6.93,4776.2,-120.68,1985.34,2948.68,2.33,3.36,-8018.85,-21.3,53.49,29.64,30356.98,213.09,3,-319.29,18.64,-1523.5,1,193.9,
-229.74,1934.43,0.08,-20.6,4708.29,UK,3621.52,297.99,High,498.66,-220.44,-455.66,-40.72,-35.88,-669.52,-29.61,5347.05,8.84,-12913.4,-99.48,2444.23,1242.54,5.29,-42.54,-8334.03,-10.06,132.93,500.31,26019.26,387.93,4,-283.38,23.38,-2348.5,5,116.43,
-34.23,2885.43,1.62,-15.3,3787.65,Europe,3594.84,215.32,High,652.26,-231.99,-845.65,-37.58,24.3,-1108.92,-38.43,952.15,2.77,-13771.5,-50.6,2145.37,1862.42,3.15,11.94,-11934.88,-3.92,39.6,328.74,25012.76,312.93,9,-275.82,23.19,-1111.44,4,149.04,
-281.55,2619.69,0.2,-26.94,18912.84,UK,4852.6,350.8,Low,473.25,-236.43,-896.59,-35.12,-7.62,-2111.18,-19.24,675.74,6.83,-15538.8,-116.32,2181.31,2075.64,1.45,-5.88,-11333,-14.02,42.78,300.81,19672.82,517.62,6,-476.94,31.08,-1237.96,3,129.08,
-227.13,2143.8,20.26,-15.68,20566.92,Europe,3075.2,-0.51,Very high,513.72,-190.35,-413.2,-40.42,-39.6,-2459.74,43.94,4011.2,5.23,-998.46,-83.72,1960.02,3731.16,4.26,-24.09,-8141.68,-9.54,55.17,373.86,23945.6,135.45,4,-278.91,17.96,-1612.04,7,209.95,
-47.52,1532.4,1.26,-22.08,-1938.63,USA,2917.36,-19.41,High,510.72,-275.31,-1136.77,-36.88,18.08,-883.56,-17.05,-1243.55,13.52,-6317.58,-115.02,4301.58,3196.42,1.88,-11.28,-9476.99,-11.92,45.57,278.16,19617.18,381.51,5,-376.2,18.29,-1739.96,4,201.01,
-140.91,3117.6,0.18,-17.7,12584.04,USA,5611.46,48.43,High,117.3,-225.15,-483.25,-38.9,18.48,-1554.9,0.26,2827.01,7.79,755.52,-59.12,2423.6,2798.1,12.28,-13.02,-5538.94,-7.76,48.66,333.57,26042.88,213.06,5,-352.44,21.32,-1807.76,7,173.92,
-232.44,1372.32,0,-18.98,1078.95,UK,3697.28,276.6,High,584.1,-158.61,-1123.64,-38.06,-194.72,-2401.26,-35.52,6261.04,0.8,-4707.68,-140.82,2668.66,2355.58,2.87,1.2,-7632.14,-16.26,25.65,248.94,33334.9,137.22,7,-374.43,14.52,-1152,3,178.16,
-233.28,1968.66,0.12,-27.14,16178.76,Rest,5665.36,165.27,Low,644.58,-70.71,-1007.23,-38.36,-183.14,-882.7,-29.16,1782.84,5.19,7512.6,33.46,2461.09,2864.7,3.2,13.44,-6612.65,-9.36,49.77,252.87,20722.34,286.38,4,-125.73,21.3,-2125.6,2,191.32,
-311.37,1247.94,67.96,-15.6,-6339.93,Rest,2779.16,-137.5,Medium,650.82,-577.26,-401.43,-15.26,-23.54,-2043.96,-1.85,2389.94,-1.86,-6166.84,-133.82,2624.07,3894.1,0.78,-6.06,-8307.33,-9.58,51.3,304.71,26868.26,383.19,5,-247.08,16.3,-1350.78,3,176.93,
-382.92,398.58,7.7,-22.34,6594.3,USA,4014.48,102.93,Very low,394.74,-131.79,-428.84,-34.7,-58.22,-1262.12,14.23,5250.92,4.2,-1184.98,-106.98,2190.42,2798.44,0.6,-1.71,-8841.78,2.04,48.33,746.79,18332.26,206.91,1,-195.06,23.61,-1066.48,7,320.99,
-196.02,1202.91,28.8,-15.86,8743.68,USA,3835.78,189.46,High,464.4,-256.35,-536.11,-33.88,-80.24,-2566.86,3.11,2331.26,9.73,-5942.76,-165.12,2437.63,3125.9,5.58,-9.03,-8499.93,-37.4,42.36,208.5,26505.98,263.46,3,-322.95,15.23,-1192.44,5,175.52,
-247.44,1139.43,2.06,-13.36,8523.36,UK,5002.66,-533.71,Very high,392.67,-242.49,-770.74,-25.2,-43.9,-660.84,-91.83,-917.75,10.46,-6281.22,-89.4,2174,3287.96,8.69,-26.94,-5215.93,-16.24,57.99,288.51,27214.64,403.35,2,-403.44,22.27,-988.54,3,105,
-375.03,508.05,2.72,-21.52,10375.44,USA,3381.76,465.86,Very high,447.48,-228.6,-451.18,-25.38,-52.64,-2236.62,3.96,5758.13,1.17,-9575.9,-35.76,4036.36,2385.18,0.71,-0.15,-11448.75,-12.82,55.47,178.47,22478.18,211.59,3,-163.11,20.43,-162.06,4,161.04,
-168.03,1085.91,12.28,-18.1,-12450.03,Rest,2842.92,-33.63,High,325.53,-294.09,-556.76,-47.82,-60.56,-1850.96,-107.39,4091.5,3.27,2478.44,-42.82,2306.1,2891.44,3.12,-7.14,-10294.2,-11.48,31.11,381.66,13499.66,217.68,3,-193.08,21.11,-892.6,5,188.03,
-312.24,2029.17,2.08,-18.7,-374.64,Europe,3391.18,585.03,Very high,533.34,-293.49,-1011.51,-32.28,-9.08,-964.18,-1.17,746.46,8,-2732.74,-188.66,2521.62,2816.64,4.3,-9.18,-8027.97,1.9,67.53,611.58,18169.32,87.21,7,-255.9,27.16,-1977.76,4,156.81,
-128.55,1606.65,0.22,-33.16,-4426.53,USA,5578.82,23.13,Medium,524.55,-244.8,-396.43,-31.8,-89.02,-1472.38,-23.73,3638.1,-0.45,-15860.24,-101.56,2265.85,1949.38,3.06,-4.86,-9095.96,-12.54,49.62,374.04,22811.68,287.52,4,-304.53,20.97,-778.06,2,92.32,
-106.05,2224.74,127.46,-18.44,19636.95,UK,2551.38,-124.13,High,636.72,-40.08,-317.8,-36.8,-100.42,-2234.36,-9.96,-304.56,3.73,-4770.62,-141.1,2487.32,1579.02,2.7,0.21,-4385.17,-8.64,53.13,284.25,18341.34,23.64,3,-409.74,21.44,-2062.1,8,194.91,
-79.32,2169.21,0.9,-18.86,-1014.63,USA,3587.42,120.34,Low,403.08,-138.69,-564.88,-48.6,-111.1,-721.52,-32.77,4263.79,4.71,-14972.2,-31.74,1981.13,2640.76,4.35,-27.63,-10883.54,21.22,49.29,275.88,20301.62,417.87,1,-298.98,18.04,-1491.26,5,188.84,
-132.63,1530.63,12.14,-13.46,29014.95,UK,3791.7,-308.28,Low,232.77,-320.37,-936.23,-34.62,-112.7,-2667.94,42.71,8655.83,5.88,-4449.12,-26.48,788.23,2877.4,1.63,-7.26,-5203.01,-13.16,36.75,265.53,22847.18,310.83,3,-241.86,20.2,-410.74,6,153.54,
-252.99,3846.63,0.3,-34.12,-1403.16,USA,3177.72,440.55,High,463.95,-247.11,-628.21,-31.52,-96.82,-1369.24,-44.81,3576.34,-1.39,-5231.1,-73.7,2236.86,1106.46,8.33,-3.42,-9340.99,-7.84,42.27,413.79,14733.56,218.64,7,-354.96,21.76,-970.76,3,99.43,
-159.87,2431.26,28.36,-14.8,13538.73,Europe,3647.08,454.65,Very low,508.89,-300.18,63.15,-33.8,-44.22,-1534.52,-56.94,1711.79,6.49,-14411.38,-15.48,2326.87,1873.78,6.95,-12.54,-8943.09,-4.1,31.02,321.72,3863.38,633.51,5,-320.55,24.4,-1602.32,2,159.12,
3.78,1194.3,0.86,-15.48,-4929.09,Rest,2233.84,46.39,Very high,466.56,-202.59,-505.26,-49.92,-109.74,-924.58,-45.85,4389.27,6.4,-1261.28,-53.16,2692.25,2585.44,7.72,-17.94,-11404.95,4.78,64.38,303.36,10574.84,278.64,4,-333.66,19.29,-1541.24,5,142.77,
-170.76,2436.63,60.38,-22,4256.07,USA,3570.62,-385.28,High,510.75,-351.42,-834.36,-45.48,-47.3,-2148.82,-43.92,3038.52,7.47,-10193.22,-155.1,2006.38,3108,8.21,17.88,-7233.1,16.16,52.53,205.2,18497.24,-51.69,5,-473.79,20.95,-1461.18,3,209.56,
-388.23,2206.41,10.94,-32.36,3997.08,USA,4170.36,166.58,High,669.27,-339.48,-533.98,-35.5,-8.06,-2597.2,-68.37,1658.64,0.07,-607.84,-166.48,3125.25,3163.3,4.79,-17.79,-6886,1.22,39.36,255,30948.98,155.46,2,-173.61,20.04,-1629.02,3,167.4,
-198.06,2283.27,0.02,-31,9155.73,Rest,2993.44,388.67,Medium,624.54,-236.22,-353.52,-42,-152.98,-1523.26,-66.38,-1919.71,4.01,-16811.24,-48.06,2376.68,2199.94,0.24,16.8,-2958.72,-7.1,64.2,332.85,14548.08,318.24,3,-431.64,15.48,-1574.32,2,212.22,
-45.93,1673.85,0.06,-49.72,-2468.64,USA,3008.42,-7.58,Very high,705.75,-296.85,-1130.96,-45.42,-68.44,-2005.86,-3.8,3810.35,3.36,-1729.52,-45.64,2501.15,2945.66,4.15,-37.89,-10346.35,-2.96,49.38,216.24,15295.78,88.77,6,-303.42,21.26,-2587.08,6,150.71,
-351.96,2652.03,0.54,-16.4,-7609.35,UK,5476.42,572.37,High,474.93,-296.07,-720.12,-29.82,-175.72,-1640.84,-46.5,3409.98,-0.69,-6743.56,-47.22,2389.09,1923.88,0.27,-25.11,-6868.84,5.16,47.28,322.77,19667.5,131.64,4,-301.38,22.99,-2700.12,5,214.93,
-217.53,2799.24,188.1,-16.12,6889.41,USA,3503.58,432.15,Low,415.68,-359.34,-875.98,-47.52,22.74,-41.66,-36.36,1248.62,-1.02,1741.6,-54.44,2195.26,2898.54,2.45,-10.02,-10344.68,-8,46.74,268.74,12252.54,399.63,4,-275.1,26.28,-1100.08,2,147.69,
-236.88,2279.52,0.06,-16.9,6100.2,Rest,3775.06,-547.54,Very high,286.29,-371.64,-581.11,-39.82,-33.74,-1382.02,-14.75,2454.53,9.15,-7204.06,-152.74,2954.54,3424.94,2.09,-20.67,-6236.9,-18.28,18.21,236.28,23321.2,271.47,5,-290.88,10.32,-599.14,4,175.94,
-231.78,2722.2,0.32,-27.58,8435.4,Europe,4250.6,94.92,Very high,494.52,-582.03,-815.91,-31.66,8.36,-590.84,19.21,2038.01,4.45,-7191.24,-146.6,2369.15,1931.84,1.54,-10.29,-6227.63,-5.14,27.18,238.8,24998.98,488.28,3,-182.25,17.23,-1766.7,6,168.89,
-206.88,1385.64,1.92,-21.18,2231.64,USA,3181.06,0.31,Very low,451.98,-311.49,-1097.79,-19.78,-65.42,-239.44,-27.85,-561.25,-0.98,927.98,-105.84,2226.43,3755.42,3.08,-13.68,-7205.94,-5.1,66.63,327.15,20269.1,349.35,3,-432.33,19.66,-785.6,2,213.6,
-241.74,2192.79,0.18,-29.96,9021.48,USA,3422.98,609.72,High,553.68,-236.46,-562.03,-37.74,-205.82,-1193.5,-13.54,1322.65,5.2,-18335.06,-126.52,2384.3,2487.64,3.86,-15.3,-12113.71,-10.08,56.7,404.43,15675.92,264.48,8,-382.14,21.54,-1016.74,2,159.81,
-82.59,3038.85,3.34,-12.94,7119.78,UK,4092.06,99.63,Very high,482.64,-181.98,-581.48,-33.2,3.58,-1425.94,-42.87,2111.14,3.79,-17187.58,-230.44,2164,2842.6,7.9,-20.49,-13867.17,-12.64,74.73,43.11,25871.42,252.72,4,-435.12,20.26,-1173.24,3,190.21,
148.98,16.77,1.56,-16.54,2341.23,Europe,3016.2,88.97,Very high,437.28,-157.08,-504.68,-25.9,35.06,-1549.38,-25.95,2236.99,2.85,-12731.02,-125.28,2269.24,2845.38,1.52,20.82,-10746.33,-16.18,40.62,338.01,13499.92,258.69,2,-360.51,19.72,-1731,3,213.58,
-398.85,2556.93,0.22,-23.08,10708.77,UK,3664.74,390.82,Very low,447.45,-272.25,-567.68,-36.5,-135.78,-965.02,-78.97,-1801.54,3.1,-13961.72,-128.36,2334.18,1926.14,6.11,-7.65,-9315.29,-14.94,45.12,97.05,28517.4,572.82,4,-477.15,20.95,-1663.52,8,193.79,
-221.19,939.84,6.58,-23.4,15926.61,USA,1859.12,417.03,Medium,383.4,188.76,-757.49,-25.98,-122.04,-1255.9,-11.3,1053.13,9.27,-3524.52,-189.7,3126.78,2179.9,2.76,-9.36,-2176.52,-13.32,63.48,356.28,29266.52,202.32,3,-368.37,33.93,-1801.94,4,194.9,
-517.2,1748.52,1.86,-15.78,8347.74,Europe,3689.14,-344.68,Medium,461.61,-290.79,-467.75,-15.88,-72.12,-1066.86,-54.29,4071.71,5.94,-9517.3,-181.16,2697.28,1705.54,8.29,-5.55,-15862.01,-21.74,47.34,305.28,16651,372.24,4,-287.22,19.97,-1649.4,3,193.32,
-118.44,1746.03,0,-19.08,4267.41,UK,3772.04,429.16,Very low,436.08,-251.25,-1196.04,-36.3,-182.34,-1206.88,4.17,-2318.91,2.66,-4022.84,-41.14,2441.26,2360.64,4.65,-5.64,-14230.75,2.5,41.22,250.59,16813.78,348.63,1,-30,23.82,-790.46,3,68.02,
-247.77,1634.85,2.6,-16,7936.62,Rest,3258.04,-46.69,Low,503.46,-344.28,-729.08,-41.36,-139.72,-823.24,9.97,4231.88,4.51,-12922.44,24.14,3057.28,2589.46,3.36,-10.38,-13692.37,-0.86,48.93,321.03,21032.36,308.1,4,-518.94,23.64,-1267.66,4,166.41,
-145.47,2372.85,0.04,-15.32,7836.15,UK,1806.82,349.86,Very high,502.92,-264.6,116.82,-34,-140.04,-2056.12,-101.36,-350.77,2.58,-2303.72,-14.16,2751.68,3004.52,7.83,-10.86,-12790.48,-11.94,44.82,257.37,24279.2,250.35,8,-326.28,18.14,-1953.98,2,168.47,
-278.13,3302.19,3.24,-18.26,-16366.86,USA,4755.16,-306,Medium,679.41,-412.59,-442.65,-36.38,-4.52,-1951.32,-59.18,5265.97,-0.66,-9196.14,-52.78,2345.47,2586.72,1.72,-5.82,-7129.87,-20.5,56.91,302.31,24862.86,159.93,2,-311.58,13.7,-533.5,1,186.99,
-465.48,1195.65,3.36,-17.88,7388.16,USA,3838.64,497.16,Very low,236.16,-107.4,-712.99,-32.92,-36.54,-2130.74,-17.12,-1835.17,6.76,-13311.72,16.42,2393.29,2350.44,6.25,-3.06,-11885.22,-18.24,43.32,305.4,27470.38,327.51,3,-382.38,23.69,-1762.34,4,133.38,
-239.01,562.83,5.96,-22.46,3724.71,Rest,3720.78,522.01,Very low,496.65,-184.35,-504.78,-39.84,-16.04,-1604.44,-41.47,4421.24,-4.35,-5352.56,-184.12,1818.44,2431.94,2.41,-0.84,-9189.27,-5.46,43.11,368.37,24883.02,343.35,4,-129.87,20.84,-1034.24,3,202.39,
-465.33,2429.73,456.24,-14.84,13616.97,UK,3927.98,-69.52,High,490.8,272.13,-906.62,-42.42,-64.76,-2580.88,0.87,4320.73,7.03,-3293.94,-35.6,2761.19,3148.24,5.03,-7.11,-11528.85,-4.68,45.3,337.11,23011.96,25.29,3,-290.28,24.07,-1534.58,3,204.23,
-75.78,2019.93,0.44,-20.16,-436.65,UK,2672.54,-206.01,Medium,549.6,-286.92,-392.5,-34.58,-83.58,-2149.4,8.19,2069.64,8.62,-4411.88,-67.8,2271.54,2754.94,4.63,-5.04,-9397.27,-2.66,9.84,485.64,28330.1,303.93,4,-434.91,23.04,-895.04,4,141.74,
-225.96,2566.8,15.36,-12.56,16190.22,Rest,4103.3,365.86,Low,662.91,-292.2,-335.68,-38.26,-153.64,-1751.8,55.8,-2344.61,0.39,-13066.02,-59.98,4039.09,2377.24,0.89,-9,-11620.77,-6.7,59.22,597.54,29640.38,49.14,5,-320.85,21.98,-1663.48,4,160.05,
-208.74,2115.21,49.86,-17.02,10093.41,USA,4729.36,-199.49,Very high,355.53,-154.86,-328.36,-33.8,-12.74,-869.32,-48.37,1107.81,3.58,-5803.02,-103.78,2523.32,2598.68,5.02,-10.23,-7684.91,-14.18,55.38,307.11,28738.64,275.31,5,-307.98,16.12,-1732.62,6,95.12,
-263.58,1826.28,0.32,-19.04,15383.52,Europe,3859.34,199.34,Very low,471.87,-289.98,-877.21,-41.38,-47.36,-2308.2,-33.2,1293.53,2.23,-11022.1,-146.5,2990.23,2829.22,3.96,8.7,-14564.25,-3.42,48.69,304.5,21828.58,210.57,6,-324.12,17.32,-1780.8,3,264.29,
-291.3,494.85,0.66,-15.96,-2129.61,Europe,3649.28,552.31,Very low,480.66,-292.62,-615.53,-34.98,31.36,-1588.68,-44.13,-1023.01,2.42,-8721.84,3.78,2940.27,3324.04,0.96,-18.18,-8139.03,6.94,25.17,418.05,21874.64,200.01,3,-292.62,17.9,-2050.74,3,168.78,
5.4,3315,5.76,-18.48,617.34,USA,3994.76,-180.42,Very low,582.78,-189.51,-150.31,-34.68,50.38,-1538.36,8.41,3704.54,7.26,-20745.5,-22.18,2421.39,1541.84,6.06,-14.19,-11633.38,-4.74,66.21,267.63,20611.34,285.45,2,-362.19,15.88,-1723.98,4,166.4,
-324.3,2494.86,1.04,-16.74,-8347.92,Europe,4112.64,-54.33,Medium,356.61,-346.41,-760.67,-31.34,20.16,-1395.08,-57.6,7840.29,-1,-7207.76,-127.5,2361.49,3759.56,1.06,-1.98,-9694.83,-3.06,53.13,253.2,24791.74,335.25,2,-293.07,16.65,-1194.28,5,73.96,
-274.86,3101.64,0.34,-16.72,-822.18,Rest,3834.36,81.26,Low,525.12,-309.72,-513.71,-15.52,-23.3,-540.58,5.72,5350.25,-0.83,-9146.34,-43.16,2384.82,2244.68,9.92,-9.9,-11907.78,-3.84,43.95,408.39,10214.18,298.44,3,-367.38,19.64,-1529.36,3,156.04,
-102.84,1924.02,0.04,-21.3,8378.85,UK,4098.5,248.15,Low,667.74,-288.75,-538.97,-39.2,-128.94,-1280.34,-34.59,2540.68,5.01,-12842.84,-38.9,2531.85,2076.82,6.36,-10.77,-11941.9,-2.5,6.42,300.3,24379.1,104.1,3,-317.37,19.73,-1380.28,1,167.34,
-324.36,507.3,9.56,-36.44,2755.02,UK,4251.56,-370.61,High,307.47,-291.21,-684.66,-35.32,-74.8,-326.7,-9.05,-963.35,5.77,-5245.5,-105.34,2167.86,3074.42,3.1,-9.06,910.7,-6.84,67.17,439.83,32037.82,283.74,3,-239.58,23.84,-925.52,5,270.76,
-181.56,1557.18,0.58,-23.02,8563.77,USA,3826.84,-132.94,Very low,510.48,-137.34,-297.2,-22.36,-28.1,-1622.86,5.08,1229.23,3.59,-11501.6,-15.5,2507.94,2410.46,3.4,-42.36,-9179.23,-14.72,38.28,84.78,25992.64,201.42,4,-172.98,22.52,-2007.36,6,63.14,
-230.46,726.18,20.06,-25.76,18387.09,USA,4039.98,470.61,Medium,444.48,48.9,-146.51,-28.56,-59.64,-860.68,-16.98,5349.32,0.54,-19572.24,-115.42,2429.98,3530.72,10.25,-17.49,-14914.88,-21.84,58.53,312.63,31743.84,-201.09,10,-254.88,19.28,-521.7,2,197.43,
-175.89,1900.23,0.02,-21.88,141.66,Europe,3883.78,-326.31,Medium,532.86,-197.58,-1560.07,-32.44,-14.6,-1946.44,-55.12,-2955.72,5.29,-7987.22,-95.92,2860.16,2827.9,5,-7.41,-9172.33,-11.2,44.04,322.62,9208.86,8.43,5,-389.01,16.25,-1063.02,3,172.21,
-161.07,1663.74,0.76,-14.92,14575.65,Rest,3995.94,-322,Low,625.23,-242.16,-563.83,-17.92,-59.14,-458.38,-28.72,3132.85,1.33,-19865.42,-90.62,1871.13,2746.42,4.62,18.63,-6902.35,-7.66,80.73,250.2,24269.26,543.69,10,-195.66,21.14,-777.14,8,221.79,
-309.93,771.42,0,-19.74,6003.24,Europe,3227.52,265.2,Low,417.6,-359.22,-767.96,-25.46,-50.42,-1370.16,8.68,-341.13,5.24,543.68,1.76,2021.93,3455.34,1.8,3.69,-7667.54,-9.58,37.29,214.56,22257.9,307.29,7,-484.8,17.75,-2233.34,7,175.96,
-105.27,2579.43,206.3,-16.42,-2379.18,Rest,3467.1,-588.05,High,709.11,-191.67,-722.05,-53.74,-53.28,-2141.86,-29.88,5404.88,-5.1,-5844.56,-91.68,2364.18,2567.72,4.99,-8.91,-8552.85,-2.66,51.06,395.4,17581.32,313.68,2,-148.47,14.97,-1071.72,5,153.51,
-149.67,2314.35,0.4,-27.88,5477.04,Europe,3425.36,204.16,Very high,474.84,-258.69,-913.09,-41.68,-146,-1040.72,-29.8,3463.25,-1.89,-7983.86,-111.88,2466.37,2801.98,0.48,7.89,-6946.76,-8.36,56.46,422.55,23338.16,258.87,0,-393.33,21.49,-1100.52,4,182.93,
-463.29,2149.23,4.68,-13.82,18641.91,Europe,3845.38,-341.77,Medium,351,-484.95,-777.33,-30.42,5.26,-1902.6,-9.28,4716.73,1.35,-16162.34,-50.22,2554.25,895.96,6.49,-7.05,-10943.31,-6.26,39.06,297.3,14083.4,236.07,7,-426.72,21.67,-532.96,4,176.05,
316.56,1435.08,289.7,-18.4,6233.31,USA,3183.34,65.01,Medium,702.42,-289.11,-716.19,-35.16,-50.04,-1885.74,-59.91,6079.87,2.83,-16707.04,-28.58,1298.83,3137.78,2.62,-10.86,-7893.3,-8.88,5.64,143.7,18159.88,235.68,6,-205.47,18.62,-2361.2,2,237.12,
-261.75,1898.34,0.3,-15.48,9478.35,UK,2818.64,395.38,Very low,587.1,-230.73,-666.29,-42.2,-36.02,-476.8,-2.51,3486.07,9.5,-5557.42,-119.8,2343.9,2857.24,7.43,-9.03,-5584.78,-18.84,51.42,344.91,19989.92,-93.72,7,-297.42,6.75,-1406.88,3,154.67,
-263.94,1713.39,3.6,-18.52,14715.24,Rest,3467.4,155.9,High,534.81,-89.49,220.69,-39.32,10.56,-2255.36,-40.47,4334.35,2.92,-4836.88,-3.12,840.09,2342.44,1.16,25.59,-8905.82,-9.96,23.85,162.18,15106.8,148.29,6,-330.81,19.96,-1647,2,192.11,
-228.09,607.89,7.02,-30,4963.17,Europe,3848.74,508.93,High,525.54,-298.5,-617.83,-46.42,-95.52,-1895.76,-26.89,2451.68,2.56,-10119.5,-184.1,3112.31,1597.1,4.91,-3.9,-5788.98,-3.96,48.06,297.93,14766.56,373.59,5,-204.48,22.01,-1557.2,5,183.44,
-193.74,828.84,1.22,-14.28,-3901.17,Rest,3928,-299.74,Very high,438.06,-356.19,-523.54,-38.78,-40.18,-1741.48,-17.5,5148.92,5.54,-15781.86,-37.46,2300.37,2507.46,3.32,-6.36,-9935.71,-8.66,53.88,291.21,27932.02,203.85,5,-246.03,16.92,-715.9,4,186.01,
-190.95,2657.49,132.7,-45.56,14725.14,Rest,4519.82,20.45,High,457.59,-255,-445.28,-36.26,-36.46,-1344.74,5.17,-296.73,5.01,-9319.5,-126.42,1677.95,2389.4,7.74,5.37,-5448.16,-3.4,44.43,350.4,6584.36,232.26,5,-201.06,20.75,-669.36,4,136.39,
-79.44,2658.27,0.08,-22.22,24427.56,USA,3542.62,305.01,High,487.05,-282.39,-525.32,-36.36,-131.64,-416.94,15.21,797.18,4.94,-10399.18,-129.16,2407.21,2662.06,4.78,-15.03,-13542.57,2.6,56.88,296.55,27816.54,291.45,3,-310.95,22.32,-1027.78,7,184.05,
-193.89,3199.35,41.38,-13.58,9372.78,Rest,3676.14,-13.06,Very low,544.41,-351.27,-773.9,-39.88,-45.96,-1134.78,-20.7,1186.51,3.08,-11101.58,-125.46,2600.19,3071.92,4.18,2.55,-4177.07,-0.78,43.86,522.24,15271.46,73.59,3,-406.77,21.19,-1914,5,199.52,
-363.27,812.28,1.54,-20.56,-1455.12,UK,2554.84,315.67,Medium,579.81,-280.95,-1015.49,-37.42,-80.26,-1781.22,-9,5267.53,5.8,-530.36,-79.7,1565.19,2575.96,1.42,-15.54,-5117.03,-17.64,47.22,451.5,27832.54,337.98,4,-177.57,19.68,-1100.08,5,174.59,
-361.92,2995.77,10.6,-23.6,4722.42,Europe,2339.22,218.27,High,548.1,-358.14,49.84,-39.06,-127.66,-1151.14,-56.34,3814.36,3.03,3366.02,-102.26,2344.72,1769.56,5.95,2.37,-6232.38,-0.02,38.67,570.33,21232.74,523.68,5,-417.12,22.87,-1756.54,7,165.89,
-211.59,1473.33,7.84,-25.38,295.29,UK,3517.62,-414.92,Low,534.57,-233.31,-591.39,-49.64,-85.1,-779.9,-1.78,1269.9,4.41,-7625.12,-1.3,2354.15,3115.3,1.03,3.63,-8779.92,-5.4,43.23,277.8,19478.18,373.38,6,-373.77,18.06,-1659.48,3,181.29,
-153.9,1073.01,0.04,-14.48,10664.49,Rest,3597.6,250.55,Medium,514.83,-510.45,-171.05,-49.4,-128.04,-1655.34,-48.77,6507.94,4.65,3789.18,-5.64,2864.46,3136.6,5.37,-10.68,-7865.59,-20.84,40.95,362.91,14917.82,376.02,6,-318.54,22.22,-2532.44,6,113.69,
-160.32,1523.61,0.02,-12.76,10428.39,Rest,4369.08,266.69,Low,200.88,-428.91,-399.83,-36.96,-19.12,-2003.76,-10.85,2091.71,0.84,-5023.36,-5.32,2334.76,1427.38,4.69,-2.76,-8950.77,-1.28,50.64,358.53,20056.92,110.31,3,-420.96,4.74,-777.58,2,188.84,
-254.79,529.38,21.12,-21.34,-10518.3,Europe,4038.78,-3.72,Low,428.88,-287.46,-703.04,-52.18,37.92,-1642.2,-11.27,1071.04,2.84,-12836.34,10.04,2370.68,2287.86,3.94,-18.09,-11616.46,-22.46,46.2,439.26,20044.4,270.57,4,-384.15,27.59,-1567.66,3,178.42,
-26.1,3478.77,0.06,-20.56,1822.65,USA,4533.2,1257.44,Low,506.76,-331.02,-825.73,-24.54,-1.58,-1612,-33.53,3890.07,7.77,-7280.3,17.48,2554.85,1973.54,5.91,-15.09,-13133.94,3.66,57.84,449.94,37880.26,238.89,4,-268.29,22.38,-1153.68,8,193.42,
-212.04,1554.81,0.02,-24.2,8782.8,USA,5047.86,-89.81,Very low,551.16,-319.56,-450.34,-31.78,-62.82,-1625.44,-35.5,-49.45,3.26,-12456.7,-93.94,2657.82,2342.6,2.95,-2.22,-9106.49,-6.18,39.69,351.72,28421.62,340.17,2,-336,25.15,-857.86,5,194.16,
-192.18,2325.87,8.36,-17.6,-6127.44,Rest,3284.14,-57.44,Medium,485.22,-245.73,-379.83,-45.72,-137.78,-1420.28,-6.81,4806.38,-0.39,-9911.12,-62.16,2060.61,2646.24,4.32,-7.92,-14218.54,-15.14,45.87,340.83,23631.92,-35.46,2,-365.43,17.83,-1512.64,7,182.84,
-198.27,376.98,7.58,-16.22,6105.54,UK,3220.08,-254.94,Very low,195.24,-204.15,-682.18,-42.28,-86.04,-1009.7,-32.84,6174.74,3.47,-1100.58,-110.04,2465.99,2448.64,3.51,-6.72,-10965.43,-10.88,47.37,338.37,9660.08,-64.92,2,-340.23,23.13,-1982.32,5,190.3,
-246.21,3206.1,0.1,-28.9,837.33,Rest,3959.62,76.35,High,582.78,-412.2,-169.62,-36.9,-40.26,-666.58,-3.67,6865.91,4.03,-599.26,-153.58,2488.16,2460.18,0.6,3.57,-7694.51,-11.94,47.61,355.92,26269.26,96.69,4,-290.49,19.2,-1071.44,4,155.08,
-161.22,1939.35,11.5,-22.5,22174.14,UK,4013.24,696.07,Low,469.32,297.75,-688.88,-30.98,-39.16,-1222.66,-84.41,-1876.71,4.69,-6707.2,-48.2,1736.95,3167.94,5.45,-15.72,-9984.11,-3.98,62.4,343.5,22534.76,254.76,4,-388.26,9.44,-1095.48,3,187.71,
-108.87,252.06,1.1,-18.68,15444.09,USA,2637.86,194.19,Medium,385.23,-249.09,-654.56,-39.5,21.8,-2454.66,-46.85,6706.24,6.79,-8340.76,-66.58,2248.27,2701.64,0.94,9.09,-9743.39,-20.26,62.64,400.71,23480.62,457.95,2,-305.4,22.29,-849.36,2,134.04,
-84.21,-553.35,0,-12.62,1817.16,Rest,1291.74,-70.68,Low,344.91,-354.72,-16.7,-34.72,-35.28,-1700.04,-1.68,1233.14,4.85,-10480.2,-143.04,2110.11,2754.82,2.11,-6.9,-7625.24,-7.66,89.82,263.04,22585.52,435.45,4,-388.32,21.19,-1781.16,5,168.42,
-163.41,1556.46,0.08,-16.88,5498.34,UK,4208.72,258.48,Medium,604.62,-446.91,-651.69,-26.4,-10.26,-1230.1,-26.98,258.51,6.16,-7785.54,-39.54,2761,3741.36,0.58,-3.06,-10743.59,-6.06,29.73,341.88,27341.58,171.45,3,-558.24,22.46,-1186.96,3,115.75,
-299.88,1673.55,0.5,-14.06,8647.5,USA,3137.8,514.57,Low,473.79,-281.07,-545.98,-32.22,56.82,-2154.2,-18.45,-364.39,7.14,-9061.86,-57.14,2627.33,2172.34,1.25,-8.37,-13422.43,-7.4,45.57,250.8,13341.66,234.27,4,-507.72,18.13,-385.38,5,171.8,
45.36,3406.5,0.66,-22.24,31403.46,Rest,3112.06,69.92,Medium,424.74,-257.43,-169.61,-32.24,-129.2,-2574.24,13.46,2867.5,0.11,-13841.58,-27.94,1715.21,2731.6,3.15,39.6,-9594.88,-8.7,59.7,-25.32,17626.04,359.94,4,-325.83,21.78,-2058.56,3,152.83,
-302.49,1914.81,855.62,-21.82,19369.29,Europe,3930.34,-414.22,High,484.41,-207.66,-295.92,-35.06,-44.42,-1062.26,25.04,4929.82,5.63,-10941.3,-89.74,2370.78,2660.54,2.49,-5.52,-6916.37,-10,46.86,298.29,18626.82,292.23,2,-178.29,13.8,-1338.92,6,149.98,
-223.89,2911.53,2.12,-13.76,13741.44,USA,3899.56,308.46,Medium,464.28,-279.3,-631.47,-20.64,-2.94,-1057.6,-8.85,2100.34,5.99,-12879.74,-149.22,2827.31,3100.76,12.58,-38.13,-8120.06,-5.08,44.79,175.26,23449.62,273.9,8,-282.45,23.6,-1389.2,5,187.44,
-226.74,2229.42,1.08,-15.42,8947.62,Europe,4275.32,128.74,Low,712.41,-101.88,-343.27,-43.34,-61.94,-1262.48,-2.11,8398.32,1.73,4182.78,8.36,2145.72,2521.98,4.97,-7.44,-11067.82,-24.86,52.08,341.97,24263.92,221.85,6,-338.46,19.09,-1603.86,3,140.38,
-301.59,1861.56,16.7,-12.98,15543.3,USA,4729.04,305.81,High,476.52,-267.12,-678.08,-50.02,-11.38,-1787.3,-44.23,4981.05,-2.02,-14801.96,-165.86,2468.99,2932.48,2.79,-3.66,-12760.29,6.86,34.02,341.34,20538.64,248.88,5,-178.95,17.16,-1781.9,4,164.49,
-390.84,1009.62,1.2,-19.1,12008.04,UK,5543.54,-390.04,Very low,457.92,-390.36,-201.9,-49.18,-83.64,-2227.66,-68.73,387.78,8.34,-16193.7,-113.06,2207.5,3187.2,7.56,16.2,-11157.6,-2.68,46.77,437.67,23935.02,242.52,4,-418.02,18.92,-365.46,4,140.92,
-198.3,389.34,4.3,-35.2,-9973.59,Rest,4201.22,147.45,Very high,459.6,-544.68,-683.96,-51.56,-43.26,-1650.38,54.33,2446.45,3.25,-18300.16,-120.76,2092.76,3070.38,0.82,-3.27,-4635.9,-11.5,42.57,301.98,15056.84,236.01,4,-405.69,28.89,-2713.78,6,160.35,
-135,-143.04,1.54,-16.84,-3014.64,Rest,3290.56,-515.13,High,528.78,-248.19,-900.42,-40.76,-92.64,-1411.5,-21.8,3945.02,5.44,-4468.38,-119.02,2543.71,2884.22,4.02,-3,-8457.11,-11.06,62.31,373.2,16891.5,215.88,6,-357.24,20.86,-1770.72,4,215.43,
-226.29,1373.37,20.04,-18,34562.25,Europe,1517.12,6.47,Very low,469.8,-255.06,-250.76,-33.64,-96.26,-1627.76,-21.71,3508.62,4.48,176.64,-71.92,2172.34,3087.68,0.47,10.08,-8288.95,-1.78,42.21,207.48,25665.62,185.76,6,-325.77,18.76,-961.84,5,170.17,
-234.96,2563.65,170.16,-20.7,20024.94,USA,3368.26,310.3,Low,586.53,-366.18,-280.96,-36.56,157.54,-2364.58,-5.48,4182.11,6.52,-6676.48,-41.58,2239.92,3090.8,2.67,-10.17,-4429.46,-28.86,41.07,351.72,25287.16,440.79,7,-229.2,21.78,-1310.88,7,198.11,
-242.43,2543.97,2250.98,-18.5,6857.88,Europe,3396.8,305.28,Very high,500.52,-169.74,-651.24,-38.4,-33.4,179.02,0.8,1912.43,6.91,-16191.58,-154.04,2465.99,2677.32,1.83,-15.63,-6735.26,-10.06,60.99,117.87,27284.46,259.74,7,-400.23,19.07,-1082.12,2,146.18,
-210.93,3254.79,7.46,-15.4,10653.33,Rest,4183.46,-397.98,Low,536.58,-393.69,-298.31,-43,-129.5,-2250.84,-65.01,3977.42,5.07,-19264.58,-110.64,2389.62,3257.8,4.91,-0.69,-10652.9,-9.82,56.01,238.74,17100.62,249.42,4,-437.82,20.04,-1661.32,3,194.7,
-150.42,1104.48,4.48,-19.48,3664.32,UK,3251.32,185.13,High,339.84,-202.32,-83.54,-35.44,-49.7,-1318.08,-2.54,3274.45,10.29,-9195.24,-90.9,2507.24,2867.88,7.77,4.08,-10528.29,-3.98,39.81,151.2,10754.24,833.43,5,-356.7,19.34,-82.04,3,151.68,
-103.02,1138.17,47.92,-19.96,-566.97,Rest,3404.64,-223.5,Low,409.68,-427.29,-493.51,-56.96,-15.44,-2812.6,-44.43,6259.73,5.93,-18055.48,-46.28,1890.29,1808,1.94,-8.82,-12658.61,-16.8,34.92,295.5,30266.86,103.23,6,-388.62,22.65,-1155.38,4,112.07,
-221.31,607.02,18.16,-18.42,-6027.48,USA,2328.8,-18.57,Very low,372.69,-293.61,-52.61,-29.58,-152.62,-1456.36,-48.42,1992.81,5.51,-671.44,-158.4,2300.15,2516.04,2.96,-11.61,-7612.49,-6.46,44.16,308.55,25429.38,135.57,5,-320.37,21.38,-2521.98,4,249.98,
-271.23,1505.25,2.44,-27.9,-11991.51,Europe,3451.2,414.52,Medium,410.04,-161.79,-1091.74,-20.02,-9.28,-1307.9,-15.81,4031.89,5.7,-20471.3,-13.38,2005.06,3108.4,4.26,0.36,-11145.83,-5.7,31.26,344.94,21795.2,543.69,1,-272.22,17.94,-1552.76,3,226.3,
-240.15,1873.41,0.02,-16.92,1657.2,UK,3686.54,102.15,Low,449.04,-200.7,-1477.37,-36.72,-145.26,-700.58,6.05,2039.85,6.55,-5221.1,54.76,1774.48,2755.76,3.6,-12.63,-3700,-19.82,48.54,351.99,16901.6,110.94,7,-291.57,15.67,-1371.7,7,110.42,
-176.22,527.37,0.38,-14.42,2518.59,Europe,3302.3,-156,High,438.45,-379.59,-459.68,-64.24,-49.24,-2277.92,-10.37,7706.47,-0.67,-10773.94,-43.3,2049.49,2794.32,0.18,-12,-6161.89,-5.42,68.58,132.06,23185,78.36,2,-354.78,19.28,-1055.86,7,213.26,
-246.99,2842.14,21.72,-19.72,2378.88,UK,4131.12,465.9,Medium,433.95,-272.19,-536.26,-44.4,9.72,-777.32,-15.92,-1100.67,7.66,-6956.22,-4.76,2137.63,1897.86,12.12,-12.78,-11899.38,-13.9,44.37,302.37,11292.66,260.25,3,-383.49,28.49,-1581.48,5,116.36,
-46.11,771.78,3.28,-28.16,9522.24,UK,5413.52,-614.4,High,504.45,-191.4,-701.73,-34.84,53.4,-1411.02,-46.97,2551.66,5.75,-10156.94,-97.44,2387.83,2695.64,15.95,3.36,-9310.14,-10.52,48.09,140.97,25007.56,224.73,3,-356.67,20.28,-1223.4,2,170.2,
-304.44,1537.8,0.74,-16.58,7351.92,Rest,3631.06,526.51,High,485.01,-459.12,-913.71,-37.54,-31.44,-93.04,-2.46,2490.51,1.04,-6403.22,-88.14,2407.18,2943.72,4.35,-4.35,-8297.91,-21.12,45.12,249.12,20757.94,382.68,2,-302.52,20.25,-1709.78,4,123.32,
-212.28,2363.46,0.94,-19,16397.25,USA,3484.94,-454.58,Very high,438.06,-285.45,-851.83,-37.7,-83.22,-1407.42,-48.86,4798.59,1,-4938.78,-112.96,2246.25,2346.8,2.46,-9.57,-2279.63,-7.64,48,286.74,17369.42,197.58,1,-301.8,24.58,-2038.98,4,212.29,
-432.06,3360.15,0.04,-16.44,4494.06,Europe,5187.76,-10.2,Very high,493.14,-378.93,-604.05,-37.68,-67.08,-910.28,2.72,3834.41,3.84,-15723.96,-182.76,2998.25,3089.58,6.92,4.68,-10596.87,-18.52,51.54,320.04,17617.98,98.34,5,-416.52,20.45,-1035.06,5,253.06,
156.6,1365.75,2.2,-20.26,9950.97,USA,3540.94,-146.7,Medium,651.18,-171.93,-269.01,-35.3,38.94,-2588.8,-18.65,4593.63,3.61,-11499.88,-81.12,1830.82,2296.88,2.64,-24.15,-9091.89,0.44,43.59,425.13,23425.56,192.18,2,-352.11,20.01,-1217.76,1,154.23,
-161.28,2458.38,30.96,-21.02,10938.45,UK,3286.74,734.81,Very high,559.8,-233.37,-283.8,-39.3,-83.18,-1067.64,-32.15,3710.47,10.77,-1600.36,-156.78,2337.72,2374.32,2.74,-0.18,-2072.99,15.42,42.54,465.81,23041.46,325.56,1,-325.86,23.73,-1710.12,5,158.54,
-182.61,2968.26,3.12,-26.1,-1093.35,USA,3125.56,468.09,Medium,376.89,-228.21,-641.2,-35.42,-84.28,-2039.18,15.05,411.44,6.81,-12789.12,27.26,2615.28,3302.9,1.04,-5.49,-12519.29,-16.6,39.63,208.95,23825.72,339.12,3,-424.8,12.98,-717.8,6,172.54,
-560.43,2106.99,11.46,-27.34,-1463.76,UK,3662.82,133.35,Medium,207.03,-335.01,-620.37,-40.08,-53.8,-1875.16,-59.06,1779.29,1.5,-11215.2,-120.02,2333.64,2557.78,1.73,-22.35,-11592.23,1.4,60.42,107.61,27601.06,364.71,3,-393.06,19.69,-611.3,6,171.81,
-257.82,904.65,2567.66,-21.36,9636.6,UK,4727.46,-789.35,High,430.74,-174.78,-1070.24,-36.04,20.52,-883.42,7.3,994.08,1.68,-7721.66,-18.8,2420.97,2055.22,0.64,-40.65,-5563.58,-6.02,54.63,305.85,7940.88,297.75,4,-306.78,14.1,-717.8,5,180.6,
-387.42,1783.32,0.5,-29.16,-1163.46,UK,3760.18,56.26,Very low,491.91,-251.82,-537.47,-31.4,-12.54,-1374.98,-15.32,5410.51,1.4,-3584.32,-32.78,1803.54,3117.06,0.96,-6.45,-9773.16,0.98,59.31,263.28,20183.32,239.22,7,-326.97,15.3,-1331.34,7,155.54,
-215.37,2271.81,55.1,-15.34,-1353.12,Rest,4264.7,345.55,Very high,484.8,-198.54,-941.95,-34.64,-21.32,-984.72,16.6,4837.61,4.99,-2971.06,10.74,2194.49,2396.14,10.26,-10.23,-9634.9,-8,33.51,293.7,27005.36,242.88,5,-372.27,15.83,-1791.78,5,169.97,
-836.37,1413,5.68,-15.98,-9873.57,Rest,2921.6,-195.73,Very low,517.05,-315.93,-671.9,-51.24,-29.14,-1999.68,-56.96,1352.17,2.12,-10913.64,-86.36,2929.15,3410.48,1.8,-3.39,-10552.4,-11.78,41.67,529.02,16019.12,266.1,4,-235.35,17.98,-2203.7,4,78.13,
-177.03,1423.77,0.36,-30.14,19929.66,UK,3532.04,201.74,Very low,613.92,-423.72,-586.91,-35.54,-69.68,-1455.96,-22.44,1232.65,1.11,-6226,-58.08,1809.5,1797.38,4.59,-2.61,-8108.97,-37.92,60.24,231.45,22315.22,392.04,8,-447.96,26.64,-806.26,2,182.94,
-239.73,1583.55,80.7,-35.12,-11969.58,USA,4020.58,-598.38,Low,454.05,-311.25,-105.03,-40.3,-20.5,-2038.16,-43.31,4418.65,0.21,-20015.98,-154.9,1630.98,2114.66,9.82,-12.78,-8408.74,-7.2,59.13,246.03,13184.9,108.42,2,-352.65,21.76,-905.88,3,179.61,
-277.05,1313.37,1.1,-14.12,14534.52,USA,5460.6,-7.03,Medium,450.18,-213.9,-1082.4,-41.9,-33.28,-1162.88,-75.93,-686.92,1.29,-3941.52,-104.74,2221.2,3587.56,3.06,-25.92,-13658.01,-2.78,39.48,264.75,17729.8,160.83,6,-337.77,19.61,-1560.24,2,167.13,
-388.08,308.16,1.12,-15.42,9076.29,USA,4837.64,-315.01,Medium,427.38,-297.09,-472.7,-36,9.86,-1327.06,-87.59,791.86,1.91,-8852.3,-70.02,2658.29,3209.68,0.96,-39.15,-7373.74,-10.84,49.26,264.48,16702.68,276.24,5,-238.89,21.18,-1427.38,3,191.16,
-345.03,1774.17,1.42,-16.78,11388.87,USA,4070.66,9.17,Low,395.04,-297.93,-849.04,-39.78,-45.54,-1791,-44.7,2131.55,3.04,-12806.3,-140.04,2969,2258.82,2.32,13.47,-12136.85,-14.4,42.84,325.05,30160.16,339.87,5,-321.09,18.62,-676.4,3,219.09,
-300.54,636.93,0.06,-15.9,129,UK,4150.28,364.68,Low,389.25,-186.84,-892.04,-29.24,-107.04,130.8,-56.81,3668.65,0.9,-12656.66,-200.26,2431.33,3123.56,3.14,-13.35,-7426.61,-8.12,50.52,409.47,19435.38,331.14,9,-409.77,19.87,-1245.32,4,59,
-376.77,1778.49,34.08,-16.88,3570.45,USA,4405.66,486.63,Medium,554.37,-235.02,-890.19,-39,-36.1,-1294.3,-12.09,833.9,8.22,1672.68,5.7,2639.91,1949.64,3.66,18.36,-11851.49,-5.84,65.67,201.78,16192.14,152.22,3,-266.31,19.07,-1184.58,7,188.42,
-149.91,3669.3,56.96,-17.68,19574.31,UK,4529.26,161.88,High,562.32,-324.21,-961.89,-30.12,-56.42,-1760.64,-32.55,6007.82,3.87,-10469.74,-89.94,2800.4,2448.6,3.69,-12.6,-10970.49,-10.74,42.27,271.86,21898.5,270.87,3,-477.15,18.79,-974.44,5,186.39,
-270.24,3264.93,24.04,-23.22,15947.34,USA,3411.32,155.41,Medium,578.79,-263.4,-506.69,-21.86,5.16,-1089.24,-37.72,2209.99,3.72,-8151.7,-99.18,2947.16,2379.16,5.47,-6.45,-5158.69,-8.96,64.74,467.52,18806.02,186.15,3,-240.36,14.68,-498.44,4,26.68,
-204.15,947.28,1.64,-17.42,18562.53,Europe,4907.1,-112.92,High,501.42,-230.61,-281.73,-31.64,-57.26,-688.64,-13.48,5082.26,4.12,-2085.42,-109.48,1389.97,2912.4,2.77,6.72,-11233.82,-26.54,40.53,344.52,22828.24,230.85,6,-319.53,25.12,-2299.44,2,292.18,
-731.28,2085.6,0.54,-13.64,11001.81,Rest,2326.62,332.12,Very low,340.98,-193.41,-154.02,-40,-136.68,-2485.24,-21.46,4843.18,-0.86,-11443.48,-76.7,2051.64,3046.4,1.8,-23.19,-9665.81,-11.86,38.79,726.33,19578.36,167.07,3,-264.6,22.01,-697.94,4,185.95,
-262.11,2278.02,573.36,-15.04,-3322.08,Europe,5010.38,87.02,Medium,522.69,-120.33,-938.26,-40.28,-1.46,-2048.52,-4.56,2997.63,3.27,-10081.54,-80.48,2473.54,3217.46,4.04,-8.04,-5661.63,15.82,42.9,329.1,27444.46,68.64,4,-308.13,19.06,-1353.52,2,171.41,
-210.93,1520.76,220.18,-15.08,2536.59,UK,2334.32,-130.18,High,445.86,-247.83,-121.71,-34.64,-151.08,-1280.14,-2.94,2197.46,9.61,-8698.78,-152.74,2752.9,2431.2,2.27,-13.32,-9247.81,-9.2,36.48,262.98,26831.6,562.62,4,-8.97,19.59,-1474.12,5,147.6,
-5.49,2589.96,2.32,-16.94,-9749.16,Rest,3516.18,276.91,Very low,470.13,-254.67,-674.76,-37.76,-30.94,-2323.22,26.66,5614.32,0.83,-6673.62,24.38,2868.5,3174.52,3.02,-9.15,-6103.61,-0.78,29.76,322.02,26975.88,249.24,3,-501.27,20.26,-1912.2,6,207.94,
-134.67,189.93,2.5,-17.94,3968.04,USA,4064.78,-56.06,Very low,577.02,-256.2,-53.43,-45.76,-135.2,-1308.14,-63.05,1694.6,6.4,-14027.04,-41.92,1910,2310.52,1.95,-6.27,-7807.22,-10.86,51.99,326.55,18653.62,234.84,6,-446.79,20.36,-1329.82,4,137.84,
-97.53,215.07,209.22,-19.1,1036.77,USA,2840.4,333.15,Very low,118.53,-177.21,-720.27,-43.24,-203.82,-1703.82,-41.03,3233.18,9.03,-15916.12,-95.98,2102.64,1934.8,2.59,-2.88,-11499.75,-11.04,66.63,253.62,19051.46,271.92,5,-203.85,25,-1208.04,4,156.8,
-203.55,2059.17,0.36,-35.72,3983.61,USA,3825.34,-196.33,Very high,946.68,-536.13,-951.07,-40.4,94.44,-1708.96,42.8,-3906.36,5.33,-10577.02,-82.84,2377.34,2367.2,0.34,-6.03,-6034.19,-13.4,37.74,424.44,16950.52,255.3,4,-362.25,27.24,-2079.34,2,127.97,
-166.02,1923.75,0.46,-23.48,5594.25,Rest,4478.48,163.45,Very high,561.99,-281.67,-682.77,-46.64,-185.54,-1836.56,-14.74,2449.31,1.61,-5794.94,-52.08,2924.96,2641.32,4.23,-2.13,-12348.94,-8.4,41.55,109.02,31500.96,258.51,2,-290.46,21.52,-1177.12,5,178.18,
-215.88,874.32,1.06,-16.74,1638.12,Rest,3694.46,-1.7,Low,521.13,-429.99,8.01,-38.06,4.8,-2021.36,-17.89,-1126.29,0.76,3606.16,-50.3,2035.7,3390.22,3.09,-51.57,-9290.32,-6.86,46.26,239.79,11886.96,265.77,5,-330.03,23.58,-2659.66,3,171.99,
-257.58,550.5,0.12,-20.02,18917.34,Europe,4181.96,389.36,Very low,421.95,-220.41,-793.37,-48.58,-148.34,-697.36,-40.95,889.51,7.95,668.82,-46.28,2003.9,2763.48,5.44,-20.52,-9848.62,1.46,71.73,370.32,26882.72,204.87,6,-334.98,25.39,-2017.94,1,158.74,
-327.6,1304.76,62.88,-14.1,6341.55,UK,4872.92,381.85,Very low,445.41,-349.71,-513.65,-23.22,-195,-3105.96,2.04,6977.06,0.93,-6041.54,-62.58,2261.65,2469.02,6.39,-35.19,-11197.94,-22.76,43.11,358.53,21527.88,416.7,4,-337.05,17.95,-1454.64,3,130.88,
-509.55,677.31,0.54,-22.7,6161.13,Europe,4761.04,233.98,High,540.84,-234.87,-768.7,-41.8,-87.36,-2851.26,-33.34,4828.78,4.67,895.92,-95.12,3142.18,3149.62,2.68,-22.77,-13628.54,0.16,61.05,277.5,32608.76,254.43,2,-416.31,17.98,-854.54,5,196.53,
-261.18,2958.72,3.18,-22.84,-2223.03,Rest,3964.08,99.04,Very low,488.58,-322.5,-557.17,-36.46,-14.28,-1784.4,-11.32,2402.77,12.41,-8570.96,-53.84,2244.81,2703.32,6.68,-8.52,-6496.6,-8.42,47.55,236.34,22181.18,334.95,5,-359.55,21.26,-1252.08,5,161.36,
-214.17,1180.8,0.08,-25.2,-5152.47,Europe,3687.58,732.69,Medium,482.67,-213.63,-279.48,-44.16,-81.08,-372.14,-89.64,-662.38,5.6,-8974.96,-175.48,2565.28,2945.32,5.56,-6.72,-4969.45,-8.26,46.95,260.4,16289.24,67.29,4,-361.77,15.66,-1437.16,7,170.98,
-592.65,1432.17,0.04,-16.3,17747.37,UK,2583.86,118.95,High,477.27,-494.76,-485.4,-52.68,11.32,-1530,-61,-3283.66,4.35,2947.18,-76.7,2694.25,1812.88,4.12,-6.06,-12865.78,-11.32,43.26,195.57,19680.86,369.03,5,-214.5,19.65,-1631.82,3,203.96,
-201.84,2071.14,15.38,-26.12,-58.2,Rest,3641.88,164.4,Very low,361.47,-218.67,-522.68,-32.66,-35.28,-1662.92,-50.92,4481.19,5.05,-13483.2,-42.68,2199.74,2374.52,3.99,-3.63,-10877.16,-9.62,53.67,309.39,21927.8,581.4,4,-125.76,19.22,-1787.32,3,235.25,
-299.1,792.3,0,-24.46,9420.9,Rest,3834.38,449.06,Very high,454.8,-386.1,-728.26,-35.88,-22.96,-1724.06,21.78,1647.07,9.66,-16618.6,-99.06,1783.19,2725.58,2.09,-30.48,-14172.8,-2.32,46.35,-62.4,18842.44,232.71,3,-253.5,20.05,-1272.58,3,169.31,
-194.37,2656.74,0.32,-24.74,3806.01,Rest,3087.22,302.09,Very low,447.03,-229.5,-427.32,-36.22,-105.82,-1315.06,-6.15,5750.85,2.94,-10631.76,-65.06,2257.69,2868.28,1.65,-15.12,-9243.17,-12.74,42.93,396.81,17134.98,215.22,2,-165.93,19.3,-1583.04,6,224.38,
-380.01,-438.15,1.8,-26.68,18533.82,USA,3222.68,-1.02,Very high,518.7,-242.7,-689.96,-33.86,-23.4,-1363.48,-64.63,5334.33,4.18,-14508.58,-139.88,2373.58,1187.72,5.65,27.09,-9716.43,-8.38,52.26,514.98,27472.76,124.08,3,-136.5,17.32,-1880.24,3,182.19,
-113.97,1644.69,2.06,-22.24,38.7,Europe,4742.1,-157.04,Low,426.75,-258.12,-957.62,-58.34,-22.6,-368.38,-46.54,2672.27,-3.92,-6699.98,-151.18,2066.63,2233.42,2.76,-27.27,-7323.42,0.56,63.21,537.39,19312.02,188.43,7,-307.02,18.15,-1410.02,3,220.77,
-192.09,1756.32,42.58,-16.34,-1919.97,Europe,3049.54,666.08,Medium,812.52,-354.63,-1022.63,-37.46,-29.48,-2182.98,-27.29,3374.24,6.45,-5689.5,-54.02,2429.69,2260.16,7.66,-13.11,-10213.21,-1.98,63.27,398.88,18414,221.82,4,-348.75,18.31,-1823.58,4,128.82,
-221.22,1312.5,1.22,-17.04,16640.55,USA,2980.12,100.03,High,452.73,-637.44,-371.08,-44.34,-70.28,-2022.98,27.87,-1266.47,7.71,-7497.62,-40.82,1734.39,2437.32,1.86,22.53,-8486.28,-7.72,49.26,266.22,23497.94,354.9,4,-320.88,24.17,-1361,6,133.6,
-223.41,2295.87,0.76,-19.92,13522.41,Rest,3847.56,125.34,Low,577.56,-271.8,-140.66,-46.94,6.42,-1805.98,-36.13,5468.03,-0.45,-1716.56,-118.22,3308.72,2389.9,1.66,-6.81,-9916.36,-7.98,52.74,280.65,23659.38,239.31,2,-175.83,19.58,-1342.26,0,166.72,
-307.53,1386.75,0.1,-20.58,29342.97,USA,3261.36,-354.42,Very high,536.61,-416.58,-453.69,-31.7,-169.28,-1650.74,16.44,-1915.43,3.18,2341.3,-70.82,2815.7,2333.94,3.07,-0.27,-12177.77,-5.4,28.71,309.48,34109.52,509.67,3,-279.09,23.3,-1320.3,4,177.49,
-17.25,2142.39,1.8,-18.78,-427.59,UK,4150.98,360.86,Low,492.36,-162.87,-973.35,-40.16,-85.12,-1344,-16.59,3559.96,4.2,-7758.92,-115,2334.7,3163.16,0.08,27.3,-8065.26,1.12,49.92,737.01,25234.22,399.15,6,-216.78,12.25,-1304.28,4,188.02,
-348.09,2058.15,64.9,-20.68,10727.04,UK,2490.34,-113.26,Very high,515.55,-340.74,-515.64,-30.12,-69.82,-1983.22,-22.02,6193.87,2.38,-2438.02,-163.4,2783.62,2623,5.93,-11.85,-7236.68,-5.64,44.07,328.32,32084.94,-31.86,3,-154.98,23.79,-1456.8,5,162.22,
-326.88,1398.9,230.48,-34.56,13172.88,Rest,4112.94,341.73,Very low,669.48,-314.91,-670.59,-31.56,-131.06,-1711,-68.97,1490.64,5.35,-7113.54,-61.74,2895.9,2290.32,2.89,10.77,-7258.23,-4.48,48.21,272.91,17005.32,345,2,-192.45,11.92,-540,4,178.29,
-59.13,2006.1,46.86,-15.6,17054.01,Europe,3890.82,-366.22,Low,1315.68,-167.97,-918.57,-37.34,-155.16,-1739.24,-36.78,2952.3,4.07,-1498.34,-148.3,1961.62,1927.78,4.08,-6.72,-5914.8,-9.08,59.67,272.1,21348.1,231,1,-367.92,15.75,-1950.68,5,131.48,
-296.52,1647.87,3.38,-18.06,24337.32,Europe,4162.96,-25.04,High,316.47,-323.25,-729.07,-46.62,-6.66,-2989.54,-74.25,10952.23,5.38,-2816.8,-125.86,1975.3,2461.32,0.32,-11.94,-11000.88,-3.62,60.6,267.9,21876.6,92.73,2,-426.81,19.83,-535.56,4,125.95,
-266.28,4111.65,3.96,-19.76,19083.78,USA,2605.68,400.28,Very low,485.31,-184.95,-816.94,-39.1,-160.58,-976.16,-46.07,5759.72,9.2,-12777.76,-95.86,3804.14,1810.28,4.84,-12.6,-10931.09,-9.72,43.47,225.45,28879.26,115.17,5,-389.22,22.47,-1707.84,4,137.99,
-280.68,2448.39,0.02,-22.22,-4848.21,Europe,5244.78,178.79,Low,398.04,-371.16,-879.02,-67.24,-52.5,-1063.38,-27.35,2447.83,4.72,-11611.54,-108.92,2086.22,2861.52,1.23,-11.19,-8804.04,-13.3,42.81,235.71,25624.52,394.77,5,-405.06,21.96,115.34,2,231.51,
-298.29,2370.54,11.76,-23.16,-7188.78,Europe,3483.02,265.3,High,476.37,-302.22,-898.91,-33.88,-15.62,-2288.42,-8.43,3958.17,1.58,-24749.14,-8.84,2208.44,2506.96,4.72,-4.8,-4392.22,8.92,45.39,182.67,30918.8,273.69,6,-251.37,20.9,-1948.56,5,146.89,
-177.33,1798.77,8744.34,-17.7,7191.03,Rest,3507.7,131.91,Low,438.84,-384.78,-626,-14.74,-70.84,-1834.58,-36.91,1893.83,3.43,-12334.22,-165.32,2419.77,2613.68,6.09,-5.91,-13076.23,-6.12,66.6,308.67,22767.12,-28.92,6,-334.68,20.24,-2663.7,6,56.62,
-217.74,351.66,0.8,-36.88,16138.5,UK,4205.18,312.6,Very high,476.25,-269.67,-558.95,-31.62,-129.66,-1033.78,46.81,823.31,5.22,660.12,-142.98,2432.41,2137.28,5.46,-4.83,-6192.6,-16.66,36.24,470.1,17332.8,285.63,5,-378.69,19.5,-1837.18,5,156.61,
-61.62,1770.69,0.24,-14.86,-6339.63,UK,2891.8,376.52,Low,423.06,-258,-568.36,-54.04,-27.58,-1732.84,-10.69,2687.64,-0.65,-7678.56,-52.48,2359.08,2158.62,1.33,-20.1,-12495.32,-1.54,50.16,278.67,17220.54,336.33,3,-266.04,18.38,-1354.08,8,166.08,
-178.56,1513.11,15.18,-17.82,2462.43,Rest,2998.28,245.48,Very low,384.9,-418.74,-656.12,-42.88,-21.82,-1399.52,-48.28,4697.39,3.06,-12331.14,-178.54,2246.08,2725.1,2.09,-11.46,-6202.11,-5.82,59.67,215.64,12389.72,301.95,2,-341.7,23.11,-747.02,3,153.55,
-180.21,1578.87,5.22,-22.5,10036.35,Europe,3810.74,253.78,High,595.14,-333.57,-470.25,-28.78,-125.04,-1324.3,-40.83,3365.54,5.97,-6986.6,51.84,2409.79,2662.14,0.73,-2.04,-7281.15,-13.36,45.03,312.84,20891.92,370.98,5,-413.97,20.3,-1530.26,2,198.96,
-206.82,780.3,3.52,-40.52,3665.61,Rest,3768.74,-188.28,High,435.57,249.03,-795.38,-37.74,77.02,-1893.9,-48.93,4422.24,4.9,-14664.82,-135.14,3349.2,3180.4,1.43,5.91,-11442.91,1.7,58.68,340.38,15424.02,237.3,3,-290.97,20.8,-2118.46,5,227.84,
-237.99,1848.09,0.04,-22.36,6577.35,Europe,2067.58,378.6,Very high,582.36,-440.82,-972.83,-38.86,-54.5,-1515.08,6.02,2186.43,4.26,-14885.9,-56.66,2324.37,3250.88,3.89,-13.29,-6247.39,-5.56,46.23,325.29,16279.22,230.16,4,-155.43,24.36,-1068.16,3,248.24,
-191.7,1351.47,0.02,-17.26,3839.94,Rest,1469.22,376.88,High,415.11,-385.14,-649.04,-38.92,-62.92,-1288.34,-40.24,9205.27,4.5,-5101.84,-68.28,2729.4,3530.82,2.5,-9.09,-8200.03,-5.94,44.67,343.77,18546.14,226.26,3,-444.84,20.86,-1306.92,1,346.92,
-764.4,1970.04,385.74,-27.66,6449.01,USA,3597.4,245.06,Very high,478.05,-307.32,-740.39,-30.62,19.84,-2334.66,12.74,839.57,1.56,8453.12,-83.26,2639.84,2984.66,13.48,-12.06,-6242.47,-6.7,59.61,269.28,19359.4,196.47,1,-334.32,20.16,-1645.24,5,115.77,
-268.08,1258.11,0.02,-23.84,-5167.2,Europe,3974.02,157.02,Low,429.51,-331.26,-614.82,-32.88,35.88,-2176.48,-28.6,950.92,3.05,-1805.78,-200.82,1694.02,3164.12,9.56,-9.06,-13997.07,-6.8,16.11,437.94,19278.6,358.38,2,-218.16,14.87,-1729.94,5,153,
-229.2,2423.4,2.46,-21.12,-11560.41,Europe,3721.94,277.46,Low,497.25,-303.03,-392.9,-24.54,-38.82,-1708.54,-15.99,427.98,4.04,-7170.64,-93.86,2377.08,1729.88,2.14,-6.9,-7486.54,-20.26,38.46,340.59,16537.34,435.09,2,-261.09,19.68,-1932.08,5,195.56,
-258.6,773.46,3.66,-14.94,9613.8,Europe,3699.98,189.41,Very low,576.93,-255.36,-695.97,-48.1,-71.54,-2053.06,-84.49,276.96,4.93,-14385.72,8.2,1994.48,2296.34,2.35,-9.33,-9229.4,-12.62,48.99,301.29,18276.88,288.72,7,-374.58,18.93,-572,4,197.12,
-321.99,2527.14,66.12,-16.6,8660.82,Rest,3644.96,407.28,Very low,369.06,-616.53,-682.05,-35.62,22.98,-1545.3,-63.19,7799.06,0.04,1281.52,-79.3,1496.41,2761.58,2.82,0.96,-10007.16,-11.08,49.44,273.09,26994.78,230.67,2,-207.72,23.98,-556.1,2,-9.17,
-227.52,-1295.85,1.14,-20.76,-12824.73,Europe,3562.12,-528.47,High,477.93,-266.49,-444.23,-38.52,-55.82,-2090.58,-30.77,-668.38,7.79,-3507.48,-160.74,2054.69,2128.48,1.26,-5.04,-9083.02,-7.8,41.07,321.75,19082.98,280.44,4,-267,21.79,-1202.28,4,169,
-227.49,1615.47,0.9,-20.58,20108.13,Rest,3674.88,145.09,Very low,393.81,-348.99,-748.09,-31.08,-62.34,-1234.56,-1.69,5170.19,12.09,-2939.7,-166.02,2266.05,2764.04,1.72,2.88,-6644.11,-0.86,39.99,238.11,19973.74,361.11,6,-358.53,21.89,-1496.24,2,132.98,
-133.98,2553.06,1.34,-25.8,13060.71,Rest,4508.78,618.56,Low,398.73,-609.48,-313.93,-27.42,-53.8,-1564.8,-10.08,3723.85,4.38,-12568.56,-119.38,2488.63,3514.5,9.28,0.6,-12837.9,-6.94,64.08,264.78,24532.64,266.61,2,-408.93,22.23,266.6,5,181.02,
85.47,1288.17,1.46,-23.48,13492.53,USA,3734.88,446.43,Medium,388.38,-91.89,-271.77,-36.02,-105.68,-1029.98,-32.03,6105.58,4.77,1058.18,-102.56,2077.19,2244.86,4.88,9.12,-9795.06,-9.5,54.72,482.55,19733.94,70.32,5,-368.01,22.88,-2444.28,2,272.04,
-396.09,741.66,0.22,-14.64,18282.93,UK,4836.98,166.4,Very low,592.23,-365.85,-797.51,-43.8,-52.28,-2178.3,-74.5,4198.81,4.21,-12655.32,-155.5,2622.15,3215.26,0.64,-8.43,-8584.5,-13.88,57.9,294.09,14193.08,289.05,1,-463.62,13.21,-2303.6,5,177.08,
-153.54,2066.94,2721.38,-12.38,17003.76,UK,4599.26,612.24,High,509.25,-232.8,-396.3,-33.66,12.48,-1689.64,-5.07,2715.48,4.8,-17739.26,-31.6,1845.99,2776.92,2.16,-4.41,-9906.07,-11.66,49.83,190.29,12731.52,359.82,4,-191.37,19.71,-931.02,7,149.19,
-193.35,1737.33,17.36,-19.8,18494.43,USA,3546.74,-0.28,Medium,480.48,-260.91,-738.43,-36.46,-68.46,-2793.66,4.07,-333.6,4.01,-2239.48,-75.98,1875.58,2042.76,2.75,-7.86,-5815.33,-12.3,32.1,390.3,12934.9,265.65,4,-221.85,21.09,-117.14,3,146.37,
-21.45,2287.77,68.2,-13.84,9489.66,USA,4125.54,153.57,Very high,355.29,-230.19,-193.31,4.24,-145.16,-1329.44,-36.89,3153.09,5.97,-4537.82,-68.04,2263.24,2491.42,0.79,-23.37,-9103.48,-10.14,53.91,206.07,25827.4,243.21,3,-173.28,16.15,-1150.92,4,206.82,
-577.71,2305.62,4.12,-20.84,-3070.23,UK,3579.66,117.89,Medium,528.84,-326.67,-388.7,-28,-75.56,-2422.88,-16.9,5558.64,1.25,-17100.18,10.52,2377.96,2209.56,3.72,2.49,-7819.29,-9.48,39.06,125.19,20062.88,120.6,3,-230.88,11.69,-1512.1,4,117.68,
-167.73,1855.77,27.7,-20.66,19625.79,Europe,3972.16,-264.1,Very low,518.22,-190.53,-506.85,-41.94,-140.82,-2154.52,-74.58,2585.36,3.72,-10765.92,-98.74,2381.08,3181.42,5.45,-15.27,-8442.2,-13.1,57.21,287.01,31943.3,187.26,4,-419.91,20.76,-896.12,2,179.37,
-231.54,1772.55,1.78,-29.14,11973.18,UK,3708,116.3,Medium,371.46,-302.34,107.37,-34.74,-83.24,-1963.02,19.49,4171.79,6.76,-9901.92,13,2472.59,2572.54,3.19,-15.78,-7760.88,3.12,48.87,351.21,29633.76,195.15,3,-255.84,26.12,-836.9,3,200.29,
-402.93,2105.07,3.7,-17.42,8906.37,USA,2889.74,-117.92,Very low,651.93,-129,-798.62,-27.72,25.68,-1595.96,-0.53,-2670.99,2.99,-3847.98,-85.2,2335.17,1679.44,4.29,-0.12,-6896.01,-5.64,74.79,277.08,16169.72,207.99,3,-165.69,25.94,-1066.5,3,205,
-273.99,575.64,0.48,-17.5,8695.38,UK,6192.04,84.84,Very high,517.68,-267.96,-248.26,-35.08,-64.54,-2375.36,-13.93,-1509.73,4.69,-8957.1,-146.64,1634.11,3766.16,5.09,4.71,-6396.08,0.86,43.35,282.06,37507.66,423.96,3,-289.8,20.74,-1090.02,2,214.56,
-61.23,694.83,0.2,-43.14,-7019.07,Europe,4250.94,-366.15,Very low,455.01,-141.75,-505.4,-41.64,-151.08,-1651.68,-81.77,4482.47,1.58,-2275,-141.54,2927.83,1886.38,1.44,-3.39,-9384.2,-6.16,58.98,291.03,27367.28,-10.5,4,-408.42,16.71,-835.06,1,175.84,
-284.64,1598.22,0.04,-23.84,1055.34,Rest,3515.1,-64.02,Very low,494.07,-262.83,-976.52,-43.62,-22.08,-1065.98,-29.73,-349.7,10.08,-10720.78,-94.98,2135.38,3891.66,3.33,-16.26,-6359.79,-17.9,46.17,308.67,16684.98,203.88,5,-360.24,19.6,-1231.1,6,163.18,
-191.28,2127.45,3.44,-14.32,8419.44,Rest,4218.86,231.48,High,387.24,-244.8,-550.13,-23.5,-11.08,-932.64,-70.11,989.99,0.04,-324.54,-101.3,1248.12,2911.94,2.43,-12.33,-11016.66,-15.64,47.04,275.31,23304.14,202.53,4,-382.11,21.82,-697.06,5,176.43,
-308.94,1987.02,0.02,-13.44,-1260.09,UK,3384.32,-108.03,Very low,509.46,-296.19,-131.35,-38.68,79.92,-1868.78,-68.37,-724.07,7.36,-9807.3,-85.5,2146.51,2804.98,2.78,-19.65,-7925.63,-9.66,75.6,-42.09,26829.18,226.05,4,-153,14.81,-1323.94,4,170.53,
-227.31,1903.29,9.44,-13.2,8563.71,Rest,5238.62,-212.34,Very low,456.06,-272.73,-416.52,-47.98,-76.72,-1617.46,-19.57,8173.26,2.34,-12460.7,-96.02,2314.79,2580.42,3.3,-6.09,-9919.12,-10.68,55.62,331.92,19661.42,307.86,4,-241.86,20.37,-1422.4,5,171.63,
-297.3,2561.91,0.08,-31.42,-5839.89,USA,4445.76,469.01,High,423.21,-328.53,-706.47,-33.52,-83.72,-1350.9,-18.76,3937.6,3.49,-9249.2,-166.12,1310.58,2234.6,4.33,-7.56,-9757.14,-23.62,53.04,293.52,22070.24,163.44,7,-400.68,19.76,-2435.06,4,134.12,
-125.43,139.23,21.62,-16.9,7163.58,USA,3313.34,321.78,High,499.65,-308.58,70.95,-36.3,-105.74,-1884.24,-30.82,2120.89,3.25,-9368.6,-112.7,2072.63,3825.66,20.98,-27.27,-14087.33,-7.98,36.96,333.12,25900.42,249.15,6,-267.39,20.19,-1745.9,2,176.52,
-64.14,2067.33,20.4,-13.24,-2838.75,Rest,2757.22,18.18,Very low,369.99,-274.47,-282.07,-31.22,-125.1,-1355.18,8.3,65.43,-1.83,2558.68,-132.24,865.37,1885.5,2.66,-4.89,-6660.03,-11.54,43.98,173.67,27327.28,237,3,-354.21,9.62,-1347.98,5,174.43,
-133.41,183.72,0.76,-25,9292.62,Rest,3773.04,464.27,Very low,614.19,-37.08,-206.62,-24.56,-12.48,-2246.44,-12.2,3979.69,5.38,1388.46,-84.42,2335.57,2694.88,7.53,-3.06,-6621.51,-19.62,38.79,296.07,26164.34,615.87,5,-292.95,19.21,-995.06,3,161.57,
-150.48,503.79,0.5,-27.26,-2515.56,Rest,3395.96,595.93,Low,684.03,-236.73,-267.25,-39.4,4.74,-2202.28,-42.8,-3820.06,7.55,-4344.16,-79.56,2764.86,3002.6,2.03,-12.21,-6998.71,-6.78,50.13,385.08,30095.18,201.6,2,-260.82,13.56,-683.92,4,391.13,
-227.61,450.75,16.04,-13.42,-256.56,Rest,4702.7,158.96,Low,486.54,-265.68,-745.26,-45.08,-32.8,-1232.58,-57.51,3098.42,4.97,-11109.44,-223.12,2375.17,2357.74,0.85,-7.53,-9355.16,-4.88,47.52,330.18,23003.1,374.58,6,-268.08,20.52,-595.68,6,170.87,
-219.75,1046.46,0.64,-17.84,430.29,UK,4645.56,158.99,High,399.99,-267.57,-616.75,-7.76,-62.82,-450.9,-31.19,3713.86,6.18,-13716.38,-73.62,1891.25,2244.02,5.73,-2.43,-8689.62,-0.24,60.6,259.77,21388.26,228.87,3,-340.08,16.96,-776.8,5,137.11,
-224.97,2087.46,27.68,-14.28,7607.85,UK,5110.76,297.47,Very low,411.78,-275.43,-1664.36,-41.28,-32.16,-2535.62,-37.8,2849.55,8.25,-11138.7,-127.34,1821.08,2225.56,2.05,1.71,-8436.61,-31.42,104.46,132.24,30954.38,249.42,2,-246.51,16.96,-2031.5,3,179.59,
-228.78,3406.23,26.86,-39.02,5414.07,Europe,3355.16,676.83,Very high,533.7,-249.93,-93.8,-33.08,1.58,-1430.1,-68.65,750.46,5.47,-19283.1,-50.68,2422.71,2528.86,10.21,-9.78,-10342.7,-1.1,59.52,301.59,17322.74,248.85,4,-441.69,23.01,-951.82,7,156.84,
-172.83,1432.95,1.14,-19.98,15247.56,USA,4801,-205.8,Very low,698.67,-120.93,-349.01,-45.4,-36.94,-154.2,38.38,4194.83,-4.06,-7563.12,-153.74,1913.12,1951.98,2.41,-14.67,-5291.57,-13.72,36.96,363.57,23328.42,283.83,3,-301.41,17.33,-1270.32,1,171.23,
-261.66,-884.25,64.3,-20.62,-8567.64,UK,4197.4,-483.6,Very high,607.65,28.47,-826.39,-44.86,-142.1,-2136.08,1.92,-3224.02,-0.89,-7479.16,-77.18,2370.43,1661.56,2.09,-1.5,-10487.84,-22.42,47.46,169.71,4446.6,174.78,5,-156.3,16.95,-1676.4,3,103.42,
-149.01,1559.1,0.12,-16.94,6016.92,Rest,3308.7,-176.43,Very high,252.15,-111.54,-168.73,-29.16,-181.32,-2006.5,12.28,-1094.87,2.74,-15850.42,-3.2,2391.27,2003.04,3.51,-11.25,-9613.1,0.28,42.6,296.01,29300.28,236.34,4,-260.49,20.13,-2056.9,2,126.07,
-152.58,2909.55,5.5,-37.34,9702.15,Europe,3821.66,119.81,Low,598.83,-277.47,-504.71,-46.36,-196.54,-1087.72,-14.23,4917.36,2.18,-9831.3,-30.78,2158.25,3352.96,3.08,30.99,-10679.26,-15.56,31.71,263.16,17476.74,278.25,4,-198.66,21.24,-1825.24,3,143.44,
-185.04,1100.31,0.18,-18.9,27471.66,UK,2891.62,-17.77,Low,502.74,-189.09,-436.9,-35.62,-83.48,-1479.8,-41.73,6152.14,5.33,-8861.4,-97.04,2178.82,2853.16,3.79,4.23,-8512.56,-8,28.41,318.96,23515.04,402.81,6,-326.34,19.65,-2028.82,4,196.05,
-243.72,1552.05,49.6,-15.62,11649.72,Rest,3340.04,263.33,Very high,370.8,-545.64,-504.97,-39.84,-41.34,-1726.86,-15.85,4959.96,0.99,-11180.52,-64.96,2375.39,2307.22,11.94,13.5,-13391.15,-5.28,37.38,248.22,13528.78,153.33,3,-313.59,23.53,-690.8,6,225.06,
-211.71,1621.11,0.04,-15.4,4554.63,Rest,3771.56,248.65,Medium,162.3,-295.11,-382.44,-35.82,-93.34,-2000.32,-48.28,1840.93,7.8,-12692.88,22.64,2396.38,2534.48,7.67,-2.7,-13228.56,-0.7,52.05,463.89,15064.7,78.93,2,-111.21,17.94,-673,5,335.99,
-171,2425.26,58.68,-14.96,-2433.81,UK,1135.36,487.47,Low,500.64,-179.1,-730.69,-38.12,-108.84,-2121.96,40.93,-2674,2.33,-10234,-119.84,2716.93,2550.4,0.85,-25.53,-6625.48,9.96,41.64,378.36,7363.56,214.47,5,-316.77,26.31,-743.3,4,209.15,
-541.38,1547.97,0.04,-23.12,16371.06,UK,2474.66,389.81,Medium,413.25,85.56,-581.37,-43.04,19.72,-1742.12,-67.11,2167.24,4.16,-10107.5,-16.88,2146.58,3504.08,6.73,-26.04,-1990.69,-9.18,48,361.11,19273.14,307.89,2,-409.8,27.21,-1129.28,4,193.42,
-824.91,2001.36,0.02,-17.76,-4268.07,Rest,3508.2,125.04,Low,540.93,-169.41,-588.45,-45.9,31.68,-1158.82,-24.13,6125.26,3.58,-5925.08,-97.8,2320.32,2164.18,4.7,-11.22,-9519.65,-17.36,53.67,304.95,20122.02,296.85,6,-374.34,20.59,-1496.38,4,161.12,
-178.32,1558.77,3.48,-19.86,5839.41,Rest,4458.78,297.21,Low,616.74,-170.25,-479.81,-23.82,-39.62,-1915.32,2.3,9702.77,3.61,-6642.7,-199.08,2323.92,3193.42,1.12,-13.08,-6159.08,-10.52,42.99,432.06,31761.08,432.6,6,-313.35,17.62,-1703.54,2,112.2,
-266.67,687.15,2.7,-16.16,8117.1,Rest,4996.34,84.63,Very low,694.35,-164.34,-368.94,-32.9,-47.32,-1362.4,-22.93,7074.66,5.2,-16313.32,-145.38,3190.28,3333.16,2.56,-4.32,-4831.19,0.74,37.86,299.67,17901.48,262.11,2,-217.26,27.43,-1789.78,2,137.83,
-327.36,1281.36,12.86,-15.32,-14293.2,Europe,2609.22,-555.92,Low,333.39,-268.98,-462.6,-34.84,-127.36,-2474.98,12.76,2754.8,8.95,-13180,-254.44,2392.81,3355.86,2.65,-12.9,-8749.47,-9.7,55.95,821.13,24652.4,287.4,5,-380.79,19.32,-693.5,6,210.07,
-215.1,782.91,311.64,-15.06,7135.89,Rest,4032.26,229.42,Low,498.54,-374.91,-1000.96,-29.3,-31.42,-1410.9,-18.61,7434.85,3.41,-5457.92,-101.06,2044.13,3554.76,5.14,-10.89,-11723.99,-2.82,41.79,200.79,19913.62,83.16,1,-216.36,20.3,-1696.44,3,192.41,
-205.59,3671.76,3.36,-18.68,-8426.85,UK,3398.88,484.45,Low,375.72,-190.23,-562.5,-34.42,-46.98,-1060.74,-98.1,797.49,7.51,-14719.98,-142.24,2207.48,2199.08,9.29,-5.85,-9899.57,-8.88,58.08,278.28,24128.82,189.96,5,-380.7,22.24,-1453.28,2,142.57,
-132.39,573,7.7,-24.18,7408.08,Rest,3042.6,57.39,Very low,655.77,-226.41,39.7,-41.9,-79.16,-1597.62,-14.59,2375.75,-1.77,-1098.82,-116.38,2525.09,2088.38,0.89,-13.08,-7109.26,18.06,56.91,479.16,25558.34,647.55,3,-303.75,21.35,-828.36,1,139.45,
-60.06,2978.7,0,-15.48,14633.46,Europe,3512.44,235.86,Very high,336.9,-469.86,-775.6,-42.02,-118.84,-2613.86,-65.66,8380.46,10.04,-12216,-221.44,2334.8,2546.56,1.87,-8.43,-9463.83,8.54,55.98,468,13068.1,190.32,8,-257.79,25.18,2.18,2,235.35,
-312.87,1467.78,76.22,-15.76,2244.45,Europe,4509.34,250.9,Medium,472.17,-212.7,-1419.1,-47.56,33.58,-1900.94,-44.2,1790.51,4.97,-18344.82,-192.1,1962.92,2389.1,4.96,-6.87,-7444.97,-16.04,60.42,330.12,26457.52,400.35,2,-394.08,25.82,-794.08,4,256.65,
-203.97,1947.45,0,-20.68,16892.91,USA,2359.76,-22.17,Medium,633.72,-226.47,-289.74,-22.46,-65.28,-718.3,-33.86,3600.82,3.8,-17938.7,-138.02,2853.28,1654.66,0.36,-16.05,-9100.97,-10.74,51.09,409.11,14348.44,259.47,3,-337.05,19.43,-1044.7,4,185.78,
-265.86,486.45,0.16,-18.26,11956.95,UK,4028.52,-430.46,Medium,482.64,-242.46,-166.97,-32.26,-151.82,-1118.04,36.29,-890.89,4.77,-12187.68,-34.1,2394.85,1914.86,12.1,2.13,-7582.72,0.38,44.13,175.83,9197.76,144.09,5,-448.59,28.13,-2040.9,4,246.27,
-204.06,1176.3,1085.24,-17.46,-2352,USA,3893.08,383.46,Low,466.83,-300.9,-835.79,-25.94,50.62,-1555.68,-31.83,1969.95,5.37,-21683.96,-87.08,2446.91,2918.8,4.82,1.89,-10456.6,-7.08,60.63,435.69,17176.08,-83.49,3,-355.98,14.66,-1690.24,6,101.38,
-209.67,3037.65,0.8,-13.24,11975.43,UK,3415.26,63.53,Medium,484.14,-181.8,-240.16,-57.22,-54.98,-422.06,-66.32,-1968.82,6.12,-8091.12,-75.78,2168.08,2945.86,1.32,-11.52,-4819.1,-2.52,48.96,241.86,28541.86,183.78,8,-316.68,21.66,-2064.58,2,169.03,
-455.64,2607.54,924.14,-16.28,1618.41,Rest,4455.44,226.77,Very low,512.13,-282.99,-969.47,-37.4,-0.04,-2646.26,33.28,2134.63,-0.66,2064.4,12.7,2350.81,3086.78,6.25,-17.43,-7154.02,11.4,49.35,309.45,27863.66,225.18,4,-159.45,10.12,-2328.42,2,167.75,
-378.75,2382.51,1.14,-22.04,10458.39,Rest,4149.06,177.42,Low,413.58,-239.04,-1052.92,-6.86,-146.2,-2397.44,-15.26,1721.56,4.85,-3949.74,10.72,2343.91,2121.8,1.3,-23.07,-8631.41,-10.1,46.53,150.9,24739.12,109.95,1,-408.69,22.47,-2423.12,3,153.73,
-332.25,1636.26,0.22,-20.72,20353.98,UK,3440.1,244.55,Low,880.41,-351.57,-709.53,-36.42,-73.9,-2916.86,-5.21,6192.75,3.72,-9256.52,-111.04,2060.26,3593.82,4.1,-4.23,-13594.62,-7.16,56.16,57.84,20292,223.47,2,-227.25,25.92,-808.14,5,195.51,
-225.39,1207.77,0.68,-16.82,24827.07,Europe,3953.74,200.89,Very low,334.62,-194.97,-244.5,-36.8,-38.94,-1566.44,-60.48,-1405.79,9.93,-12035.92,-107.22,2803.03,1936.16,1.69,-14.34,-7645.84,-24.12,59.94,325.62,9216.08,274.11,3,-138.24,19.79,-1859.82,3,180.56,
-215.76,2731.74,0.74,-15.1,11189.22,Rest,3415.44,-291.55,Low,403.35,-173.13,-783.86,-34.86,-146.76,-1411.8,-10.04,8264.01,1.81,-10935.98,-43.08,1701.39,2394.14,4.49,-11.7,-11764.19,-5.9,25.05,316.02,17927.64,350.67,7,-226.47,18.86,-1255.5,4,172.5,
-182.88,-100.8,1.48,-35.96,16170.93,USA,3543,-197.89,Very high,475.68,-66.18,-542.94,-25.88,-125.96,-1116.1,-25.78,5854.61,5.77,-21193.36,-40.78,2658.5,2420.74,3.05,-2.52,-8211.35,-15.44,47.64,145.35,22678.9,302.91,5,-293.01,18.62,22.98,6,159.53,
-205.74,1661.76,4.36,-37.08,11137.26,UK,4401.28,511.28,Medium,474.63,-395.46,-749.24,-34.22,-76.02,-1232.42,-69.12,5196.83,6.95,-14142.7,-109.36,2529.71,1550.56,3.54,-15.36,-3677.27,-12.64,73.65,319.95,18732.44,160.35,8,-330.6,12.78,-393.36,2,134.72,
-161.73,1260.81,3.18,-24.46,8245.56,USA,3079.5,341.28,Low,701.34,-127.77,-162.11,-39.68,-53.14,-1351.04,-35.53,3230.76,-0.11,-6218.34,-45.9,2668.11,1995.22,0.8,7.44,-6856.87,-0.66,49.59,509.79,26029.28,349.98,1,-247.05,19.8,-2490.44,1,200.94,
-48.51,3002.25,25.5,-30.14,1789.05,Rest,3434.94,-570.79,Medium,503.07,-277.59,-522.82,-25.76,-127.34,-1244.86,-59.81,3921.86,4.62,-13176.92,-89,2460.13,2265.16,2.25,-16.68,-5194.46,7.02,47.73,228.54,20604.86,260.25,3,-377.46,22.88,-630.64,5,185.38,
-315.9,1852.41,13.04,-21.38,12945.18,Europe,3565.64,-293.72,Medium,453.18,-258.96,-526.28,-37.52,-24.38,-1825.24,3.64,3739.28,1.91,-8244.04,-234.06,2425.29,2611.94,7.14,-11.91,-9635.03,-6.24,50.82,349.59,22727.5,274.26,6,-502.68,19.32,-587.3,4,99.93,
-224.22,2438.25,5.54,-18.92,19541.85,Rest,3313.32,430.98,Very low,634.47,-282.24,-676.3,-33.42,-12.64,-2132.08,-68.18,1878.33,5.07,-13564.64,-146.02,2284.96,2809.46,7.74,-26.91,-6962.15,-7.34,36.42,297.63,13305.66,200.97,4,-440.34,28.27,-1637.2,4,160.14,
299.7,2644.14,11.2,-19.1,-4303.53,UK,2293.18,252.57,Very high,281.13,-276.09,-72.53,-43.1,-66.56,-2230.34,-3.36,-1080.51,1.42,-845.84,-181.22,2208.96,2854.46,4.42,-7.62,-10947.29,-7.1,20.16,271.32,16473.22,483.9,9,-302.1,18.54,-1989.7,1,195.19,
-233.82,1371.45,0.28,-20.78,-4981.11,Rest,4847.38,57.54,Low,391.77,-223.5,-588.75,-39.74,-104.58,-907.64,-33.04,7544.73,9.58,-1935.74,-150.88,2280.79,1604.4,1.81,-21.24,-11028.05,-7.12,69.75,168.69,8954.64,249.36,3,-466.65,30.64,-944.22,6,165.4,
-256.5,1883.94,0.26,-26.1,3376.62,Europe,3044.26,404.43,Very high,333.51,-141.09,-209.64,-20.82,-58.08,-1375.94,-61.68,3962.48,0.63,-10779.12,-35.82,2448.2,1922.92,4.24,-11.43,-10387.78,-14.36,69.12,239.67,28590.32,222.9,5,-248.1,22.99,-1419.98,4,185.69,
-312.42,2439.66,35.26,-13.32,-3935.1,Rest,3808.34,-486.49,Low,544.74,-189.27,-675.41,-33.94,-37.54,-1818.18,-20.54,2361.57,-1.98,-17612.2,-132.78,2726.58,2097.22,1.88,-0.69,-10215.17,-6.32,46.89,367.38,28626.52,131.19,3,-254.31,20.9,-1181.64,2,246.48,
10.23,2245.14,53.86,-14.14,16567.47,UK,2113.26,-430.09,Very low,471.3,-202.29,-655.91,-41,8.82,-1769.36,-35.45,2113.68,6.03,538.26,-5.22,2197.92,3047.22,6.04,-25.77,-6681.08,-9.56,42.27,407.04,13478.9,140.85,2,-145.74,15.71,-1637.14,5,164.35,
-130.68,1750.77,270.94,-24.4,19085.88,Europe,5149.94,157.39,Very high,422.58,-996.24,-743.64,-46.62,-74.08,-1701.74,-26.27,1069.17,3.76,-18269.82,-89.34,1724.62,2839.68,5.9,-0.15,-4979.46,-12.66,80.67,287.67,8485.82,423.51,4,-307.74,22.12,-1719.58,3,167.89,
-27.18,271.59,0.24,-15.34,-6467.91,USA,4330.8,575.37,Very high,655.44,-230.43,-967.07,-31.86,-52.98,-1482.6,-32.33,1574.91,-1.88,-6950.9,-262.92,2076.43,2875.38,1.58,-6.57,-6851.75,-12.26,48.09,94.47,23194.38,285.03,6,-343.83,25.25,-1671.42,4,173.88,
-202.11,1300.95,22.9,-19.18,13016.46,UK,3724.72,103.56,Low,437.85,-322.38,-718.58,-36.06,-107.64,-1265.24,51.02,302.28,5.2,-9881,-192.56,2193.85,2973.86,6.85,-23.46,-7393.29,-5.18,57.39,433.95,21443.9,216.36,5,-468.09,11.12,-2755.08,3,221.81,
-297.15,1213.47,22.32,-20.16,2435.61,Europe,3353.16,31.27,Medium,496.56,-433.59,-232.1,-32.5,-20.2,-953.2,-57.39,1935.84,5.45,-18294.5,-71.14,2498.31,1827.56,2.76,-7.14,-7295.76,-7.16,48.03,417.48,23989.52,393.9,2,-378.3,21.5,-1348.96,2,208.63,
-99.75,3367.29,41.62,-21.06,13904.16,UK,3506.04,-315.6,Very low,551.43,-205.74,-792.98,-40.06,-124,-721.92,-3.04,-2471.79,3.8,-10896.58,16.14,2200.33,1718.08,2.91,2.73,-5759.68,-3.3,57.54,269.55,21460.3,255.99,5,-320.79,23.58,-1920.66,2,173.5,
-320.19,2117.49,1.56,-22.74,6669.84,UK,3321.42,247.47,High,436.89,-193.65,-376,-40.14,-83.32,-1793.34,-32.47,1542.46,-1.05,-12002.76,-121.26,2908.34,1995.58,1.15,-7.2,-9590.29,-10.2,45.21,397.83,25129.42,206.94,5,-392.7,18.51,-1086.54,3,180.25,
-192.57,2239.62,22.74,-14.08,3277.11,Rest,3262.54,-177.46,Very high,375.54,-229.2,-1006.2,-25.56,28.7,-898.54,-35.21,2358.92,1.53,-10825.66,-76.58,1781.24,1527.54,0.91,-9.15,-14271.17,-5.04,46.77,418.92,24799.62,235.89,3,-397.23,21.2,-1328.68,4,163.71,
55.5,1872.12,45.7,-14.54,-8760.39,Rest,3978.62,211.93,High,547.83,-313.8,-506.16,-48.94,-118.38,-1488.92,-63.7,813.27,4.18,-9431.02,-122.06,1972.55,2034.44,4.68,-28.62,-10574.22,-4.88,48.39,18.36,14989.92,343.2,2,-363.18,19.6,-1435.88,2,304.42,
-272.82,1584.54,7.26,-28.26,16423.8,Europe,3071.9,353.02,Low,391.89,-55.59,-914.06,-46.82,-85.52,-844.38,-48.19,1471.94,7.76,-3428.18,-161.66,2857.12,2197.7,6.96,-7.29,-2556.11,-8.86,40.11,275.97,31544.38,302.01,3,-265.95,19.53,-1527.18,7,179.58,
-324.9,842.7,0.04,-28.16,5492.97,USA,4143.66,27.56,Very high,394.65,-148.71,-887.8,-31.1,-126.76,-2498.54,-15.12,6943.59,4.93,-15080.7,-153.9,2340.64,1769.92,2.28,-11.16,-7031.89,-8.14,56.52,336.45,24012.1,236.55,1,-335.22,23.13,-2381.34,4,187.69,
-41.88,3059.76,229.7,-25.02,117.21,Rest,3384.54,-54.18,Very high,528.3,-336.48,-280.48,-51.68,-184.38,-2375.88,28.85,2971.93,8.94,-10840.26,-48.28,2366.87,2964.78,0.71,15.03,-10085.11,-6.28,52.65,66.99,23336.26,-121.47,3,-403.05,23.22,-1295.92,7,186.44,
-640.32,1423.02,9.34,-32.06,3326.73,UK,5306.7,-13.6,Medium,424.8,-51.3,-541.25,-46.64,-119.74,-1392.52,-15.7,6200.72,1.83,-17338.56,-79.18,2257.79,2734.66,2.5,-7.59,-6874.86,1.38,31.38,368.88,13377.84,256.8,5,-130.47,14.52,-470.8,5,184.18,
-407.28,2678.97,0.02,-20.06,3857.49,USA,3517.08,146.4,Very high,610.8,-551.52,-916.45,-42.86,-119.44,-747.8,-50.93,-4035.89,4.38,-3975.02,-213,2674.12,1800.12,5.15,-6.06,-10666.04,-27.02,56.49,295.47,19569.12,238.08,3,-371.34,18.92,-2080.54,5,182.37,
-166.08,1413.96,0,-15.6,15546.9,USA,4727.8,39.9,High,429.15,-82.98,-38.07,-44.04,-100.7,-1751.52,-28.14,4214.34,4.73,1087.54,-96.9,2149.43,2622.68,1.46,-3.75,-5019.35,-18.62,47.01,405.51,30615.46,203.13,5,-270.12,27.04,-1233.12,4,237.35,
-281.4,2231.28,0.22,-13.44,1927.62,Europe,2782.66,234.91,Low,517.62,-339.75,-1125.87,-28.64,13.52,-2520.7,-33.22,4683.97,6.41,-13441.22,4.54,1796.64,2167.7,3.29,-25.11,-7673.54,0.86,62.91,334.44,16351,277.44,9,-200.58,21.17,-1793,7,143.38,
-125.61,1751.82,0.1,-29.58,-9744.93,Europe,3567.18,632.91,Low,302.1,-245.91,-532.59,-44.38,-59.14,-2344.02,-42.42,7093.48,2.59,-1971.18,-202.16,1702.42,3106.92,0.65,-15.36,-10170.12,-19.46,44.82,335.4,22561.5,-66.18,7,-342.45,16.94,-581.96,6,146.77,
-558.27,1314.84,143.52,-13.38,9269.46,UK,4879.26,22.13,High,419.94,-178.05,-973.68,-37.5,29.1,-1229.56,-25.65,1863.04,6.92,-13023.32,-192.36,1967.17,1841.06,3.05,-17.52,-12542.69,-7.24,77.82,403.89,6964.92,328.74,2,-207.51,19.75,-1009.38,6,126.82,
-269.4,2007.69,122.94,-12.12,-6405.66,Europe,2421.74,-103.48,High,434.61,-204.48,-413.45,-46.62,-36.66,-877.32,0.98,1533.47,1.89,-1481.84,-10.86,2080.72,2231.62,2.88,-6.78,-8627.83,-7.78,56.46,396.15,7141.2,163.2,4,-228.72,19.75,-1828.28,4,163.93,
-309.21,1991.91,12.14,-23.46,6194.22,USA,4268.84,-255.79,Very low,531.9,-350.67,-813.54,-27.76,-40.7,-1533.06,-56.88,5572.72,6.57,-3171.24,-91.02,2303.34,2950.8,2.6,-7.62,-9560.49,-6.62,68.82,330.84,16150.16,302.46,4,-261.51,14.92,-616.58,4,176.96,
-547.08,1784.94,7.98,-22.36,-7995.81,USA,4048.88,-302.6,High,396.78,-707.19,-332.25,-40.06,-162.4,-1387.66,-20.26,2138.52,3.16,-12665.12,-95.6,2258.31,3052.56,1.64,-16.74,-5094.93,-15.22,30.09,271.32,30239.66,267.3,5,-288.12,13.88,-616.1,3,156.07,
31.35,799.2,193.5,-15.16,14711.22,UK,4010.24,100.32,High,585.15,-223.32,-684.69,-22.84,-80.54,-1095.06,-49.31,4704.51,7.61,-8671.26,-90.48,3101.95,2805.4,2.53,-17.91,-11853.75,-5.46,73.35,308.82,8465.24,160.77,3,-399.93,16.38,-1425.98,4,198.78,
-203.31,2044.92,0.18,-16.58,14988.96,USA,2891.26,-242.01,Low,472.02,-388.95,-291.84,-33.22,-51.56,-2010.46,-24.97,6381.78,4.45,-3180.48,-252.3,3152.73,3352.6,4.61,-3.69,-5753.51,20.04,38.85,282.51,34301.48,270.9,2,-315.84,17.21,-2477.68,4,163.73,
-339.63,594.54,32.96,-19.94,65.85,Rest,3897.06,106,Low,646.98,-243.3,-813.71,-32.72,-104.04,-1893.56,-38.61,-776.26,1.49,-5780.36,-46.18,2467.35,2785.56,2.13,7.35,-10121.37,1.12,52.32,228.39,24549.08,454.32,3,-236.85,24.81,-1751.98,6,223.72,
-75.21,3773.34,0,-18.94,7221.03,UK,3004.54,300.46,Very low,535.62,-317.76,-261.51,-41.92,-117.84,-1824.82,-18.97,4632.17,0.51,-4580.64,-38.18,2215.59,3096.88,1.02,-5.88,-8138.71,-4.32,49.11,237.45,30635.92,194.61,6,-257.73,16,-1424.72,5,152.33,
-447.03,3097.95,0.08,-26.74,-913.08,Rest,4263.26,-134.83,High,844.41,-301.77,-528.84,-36.2,-23.3,-1790.98,-2.68,6883.2,-0.32,-5342.98,-26.36,2054.35,2264.02,1.46,-7.29,-6347.27,-10.46,51.87,-49.62,15673.48,242.55,4,-375.21,19.19,-1756.1,5,160.16,
-42.39,2355.72,4.96,-13.64,14944.68,Rest,4837.3,597.6,Very high,388.68,-352.8,-793.6,-37.04,-161.46,-1537.06,-63.37,-1191.15,4.07,858.94,6.52,2119.75,2112.38,2.16,-5.43,-13447.96,-9.98,56.67,406.29,32882.2,336.51,3,-488.13,19.4,-565.26,3,155.24,
-72.96,2932.02,0.16,-24.64,7532.52,Rest,3501.7,-185.43,Very low,364.56,-277.95,-530.2,-34.22,30.48,-1179.36,-26.01,1037.32,-0.19,-17002.54,-99.12,2475.88,1274.52,4.71,-5.43,-7798.36,1.86,61.77,194.25,20949.2,405.69,6,-237.3,17.28,-877.42,2,167.32,
-253.26,1473.03,210.18,-22.16,5597.31,Rest,4110.52,215.41,Low,463.05,-274.32,-582.8,-25.24,-168.16,-1694.52,8.49,9323.85,6.25,-26673.16,-72.42,2540.38,2860.62,2.95,-2.19,-13005.46,-5.82,57.66,82.56,26558.08,446.43,4,-311.82,18.96,-896.7,3,206.96,
-263.22,2621.76,5.82,-22.32,3007.59,USA,3641.58,-116.86,Medium,490.02,-182.85,-887.07,-44.52,-22.4,-1449.32,-2.53,4665.05,5.47,-12571.08,-115.22,2952.23,3411.36,5.02,-8.67,-1957.99,-9.02,48.72,392.37,23893.3,104.55,3,-255.48,20.92,-815.9,3,174.33,
-220.26,1736.25,1,-35.7,3758.46,Rest,2091.78,507.35,Medium,561.75,-307.98,-881.67,-27.44,-119.14,-590.46,22.91,1032.23,1.29,-13241.84,-199.08,2346.04,2802.1,3.53,-22.2,-7211.13,-3.64,52.56,209.31,26542.52,207.99,4,-348.12,18.64,-1611.52,4,124.88,
-135.51,849.24,1.04,-16.02,997.8,Europe,4578.22,578.28,Low,204.3,-153.24,-1263.11,-41.26,-121.24,-2043.22,-31.75,1808.31,4.52,-5136.64,-96.52,2182.7,2145.62,0.52,-10.68,-13289.15,-10.3,56.1,104.19,18495.94,207.21,5,-193.8,22.99,-2041.3,2,202.12,
-169.5,2770.35,28.4,-16.08,4743.93,USA,3096.94,183.72,Very low,489.57,-191.88,-491.13,-47.78,-54,-785.4,-8.79,3158.15,4.81,-1949.36,-33.94,2624.62,2450.22,1.99,9.39,-6187.27,-5.6,56.49,432.33,20034.44,243.51,5,-289.65,20.23,-1653.74,2,211.44,
-209.67,2128.53,21.08,-26.44,10612.17,USA,3423,-32.36,High,478.71,-196.62,-539.37,-40.12,91.22,-1839.42,-13.9,3917.77,3.41,-8596.58,-76.32,2249.71,2068.8,2.28,2.34,-6640.29,-20.78,44.07,320.37,24926.02,309.96,8,-324.75,7.08,-2677.28,1,149.61,
-245.46,2029.83,133.18,-15.48,19070.67,UK,4633.06,-412.15,Medium,305.19,-229.14,-526.7,-40.62,-29.34,-2114.78,-56.26,2612.76,4.8,-8287.12,-85.24,2239.1,2029.46,3.11,-26.52,-14483.07,-5.1,50.43,489.42,34215.86,215.25,3,-157.26,20.83,-1638.96,4,141.17,
-216.66,845.1,3.72,-18.06,8595.96,UK,2625.06,-176.25,Low,852.21,-243.69,-927.23,-37.5,-148.16,-1498.18,-89.56,475.69,6.8,-278.6,-128.06,2473.05,3009.18,2.82,0.48,-14800.97,-9.68,55.98,402.21,25857.48,174.51,3,-245.76,20.62,-1176.78,4,159.05,
-210,2640.18,0.68,-16.02,13155.45,UK,3388.08,209.73,Medium,491.76,-370.86,-909.02,-19.32,33.78,-993.6,-24.22,-609.86,1.14,-8474.42,-138.82,1868.72,1716.2,13.17,-5.16,-8216.02,2.26,45.9,263.88,15840.52,253.98,3,-259.77,26.46,-388.36,4,193.19,
-30.75,1449.54,0.02,-15.06,-4864.98,Europe,3521.02,39.17,Very high,467.97,-216.18,-664.32,-41.72,-105.62,-2148.5,-19.24,412.97,1.05,-17538.14,-192.92,2435,2530.48,3.22,-14.82,-12537.16,-25.24,51.75,257.37,19037.48,270.69,6,-241.5,19.92,-942.58,3,161.85,
-197.88,1491.3,36.12,-30.22,-13518.21,USA,3511.56,170.04,High,418.98,-108.3,-752.58,-26,-46.92,-641.68,-8.77,757.88,2.83,-19166.2,-18.08,1881.62,2505.98,1.71,-22.08,-9793.04,-2.98,126.39,301.71,23836.18,441.51,2,-328.17,19.54,-2181.18,4,204.43,
-354.6,4099.8,9.24,-22.3,8798.55,UK,3563.42,318.55,Very low,444.87,-352.41,-687.91,-43.7,-205.74,-1929.98,-40.13,2116.98,5.88,-3434.8,3.4,2330.89,2432.22,3.31,-2.37,-8330.09,-10.66,47.16,352.23,28102.62,271.95,1,-221.64,17.09,-1429.72,3,160.01,
-31.32,2417.16,0.04,-27.26,6917.82,UK,3801.06,-645.51,Low,430.26,-144.66,-730.66,-23.86,-62.86,-2799.32,-25.18,10470.63,5.75,-12755.84,-88.7,2317.6,4030.6,1.86,20.58,-10955.49,6.18,51.96,191.16,18425.46,288.63,4,-239.91,20.97,-1040.06,3,198.85,
-156.18,2509.26,17.36,-29.96,20649.36,Europe,3533.26,-229.39,Very high,726.66,-237.63,-155.85,-33.12,-81.04,-1482.18,-39.41,1479.97,0.79,-16402.68,-290.96,2852.26,1513.36,1.35,-16.17,-8344.58,-7.64,22.23,212.91,19836.72,105.15,4,-223.74,11.33,-1365.06,7,197.48,
-410.19,1793.76,18.72,-19.4,5978.64,Rest,3726.12,-317.09,Very high,437.13,-214.02,-167.6,-35,11.98,-1881.52,-56.9,8400.76,-2.72,-11054.24,-52.16,2646.82,3182.6,0.95,-3.45,-10090.41,-7.46,18,386.91,23432.06,174.45,5,-424.83,14.54,-952.96,7,155.21,
-527.22,262.41,1.12,-15.06,-3838.14,USA,3646.88,476.94,Low,428.07,-339.75,-301.57,-37.68,-91.32,-1190.88,-34.63,1296,2.23,-10998.68,-141.6,2255.24,2346.58,4.99,-2.88,-7819.51,-9.98,53.7,112.38,19079.7,250.44,5,-240.24,22.6,-1073.92,5,136.25,
-186.06,2984.91,0.08,-28.98,9723.03,UK,4854.58,306.65,Low,471.57,-205.08,-966.77,-37.44,-69.32,-2434.56,-36.31,-5.96,5.17,-11846.56,-180.02,2181.26,2644.52,6.58,-17.88,-7010.73,-9.68,40.92,101.19,19504.54,270.96,4,-363.6,27.72,-823.48,4,185.69,
-258.45,1672.53,4.42,-16.68,2877.42,USA,2972.16,-42.01,Low,495.84,-54.09,-641.37,-36.02,11.86,-1244.34,-40.85,-2213.99,11.44,-3763.72,-1.28,2225.46,2069.04,0.61,-17.94,-12176.69,-21.96,46.56,362.43,30203.62,169.38,5,-258.03,23.09,-793.06,5,155.01,
-272.34,2557.14,1582.2,-15.46,3357.27,UK,3240.82,-182.81,Very low,488.55,-406.47,-954.29,-36.26,-183.42,-925.08,-33.83,4477.76,3.17,352.24,-115.36,2229.81,4135.22,3.62,-8.34,-14461.3,-9.96,39.27,601.86,35047.62,190.11,5,-354.9,18.02,-1387.3,1,184.81,
-76.68,901.71,0.78,-19.14,-2543.79,Europe,3330.64,76.81,Very high,354.27,-359.76,-812.29,-33.46,-111.12,-1297.02,24.23,473.29,4.5,-7909.74,-91.2,2288.61,3253.64,1.47,5.19,-14344.01,-1.76,50.7,213.93,18886.46,282.69,5,-290.91,16.65,-2382.92,6,165.66,
-147.36,2712.36,1.12,-19.38,15502.8,Rest,5499.18,-363.08,Low,362.79,-185.16,-556.74,-53.76,-50.76,-1600.22,-55.94,3963.07,3.05,-12804.3,-122.8,2530.54,2838.58,5.22,-1.86,-8787.74,-8.06,52.17,159.03,19942.54,410.64,6,-403.53,20.55,-2170.76,7,194.79,
-224.85,2094.27,0.08,-19.08,-782.55,Rest,3185.2,260.66,High,475.35,-251.85,-558.85,-18.6,-12.54,-1538.44,-12.02,7998.63,9.26,4669.94,-13.56,2138.79,3238.88,3.67,-5.49,-8372.43,-4.2,66.36,256.83,9097.44,545.94,8,-247.8,23.37,-1098.24,3,188.93,
222.3,3059.46,0.32,-19.1,3187.44,USA,4815.18,271.47,High,554.73,-241.41,-677.83,-37.26,-71.46,-1495.86,-38.01,1169.29,-2.44,-14914.2,-66.06,2108.01,2038.96,3.03,-1.92,-3983.2,-15.2,54.72,-38.55,29585.06,270.54,5,-192.84,17.73,-1452.46,3,256.65,
-259.86,1805.37,28.44,-17.02,6680.22,Rest,3758.7,284.85,Medium,691.08,-296.07,-444.82,-32.28,-47.5,-1231.82,-31.91,269.4,2.98,-2179.14,69.96,2262.14,2487.9,4.51,-33.6,-6934.87,-12.22,48.93,349.17,13252.94,287.52,1,-256.89,28.66,-1960.64,3,168.5,
-118.56,941.07,0.02,-17.76,28832.94,Europe,2860.3,-84.78,Very low,464.43,-379.32,-422.31,-46.46,12.28,-2072.36,-47.3,4479.47,4.28,-4072.68,-135.34,2243.97,990.58,1.82,5.01,-7213.74,-4.14,54.39,90.51,16319.94,438.03,4,-301.56,35.08,-1791.56,1,169.36,
-573.09,2656.5,3.86,-16.8,13357.98,USA,3544.98,386.94,High,636.15,-193.89,-93.23,-31.6,4.5,-2355.08,20,7671.35,4.54,37.38,-114.08,2751.23,3351.34,8.7,-19.11,-4345.23,-9.06,49.47,211.68,5944.88,602.61,7,-287.4,18.97,-1334.24,1,246.69,
-262.05,1198.83,131.54,-13.66,27004.56,USA,4016.86,-536.75,Very high,166.38,-263.64,-600.71,-43.86,-64.34,-2270.52,-47.58,3639.56,2.78,-14099.24,-131.96,2375.4,3482.26,0.58,-14.43,-8014.42,2.74,61.53,441.06,23794.5,270.21,6,-458.43,19.79,-1365.92,4,172.21,
-262.92,1247.61,8.84,-18.16,4240.5,USA,3852.54,-458.28,Medium,480.24,-314.34,-947.48,-39.22,117.96,-1893.64,-8.32,11847.54,11.63,1270.88,-91.3,2401.8,2527.84,1.84,-18.48,-10359.67,-4.66,50.07,217.89,20727.76,-15,4,-277.35,20.8,-348.54,8,182.89,
-234.9,872.52,0,-15.28,12450.9,USA,3729.32,162.75,Medium,456.03,-263.28,-567.98,-35.86,-126.62,-1707.14,-37.51,3942.22,1.35,-8964.06,-118.76,2612.42,3942.06,3.04,-17.34,-6627.9,-8.7,55.8,88.86,7957.44,357.81,2,-324.03,21.2,-2486.26,6,120.28,
-105.48,1283.76,0.02,-16.84,10033.89,USA,2734.38,-370.12,High,390.15,-224.13,-635.01,-29.08,-101.4,-1400.14,-54.14,3115.48,4.09,-7273.02,-68.84,2252.06,2674.06,2.1,-24.15,-7789.06,8.76,56.79,272.58,17009.56,242.46,5,-236.7,23.21,-543.18,4,162.38,
-316.5,2828.73,0.38,-12.8,6763.59,UK,3437.58,-166.77,Very low,431.73,-256.83,-653.21,-41.5,-59.96,-1060.56,-26.2,-160.42,2.72,929.02,49.5,2948.36,1908.5,4.15,-6.48,-12051.62,-5.78,43.29,306.93,20738.24,114.99,3,-308.07,17.96,-1409.38,0,230.5,
22.29,236.94,0.5,-20.12,18658.14,Rest,3782.48,178.71,Medium,412.5,-365.7,-768.67,-34.72,-133.58,-1831.92,-34.38,5317.46,6.57,-7915.62,-204.98,2046.03,2713.64,5.93,-12.27,-14736.74,-12.58,46.59,399.15,9441,311.7,3,-319.26,7.83,-2205.52,5,231.84,
-170.7,180.81,0.08,-14.1,-13149.18,UK,4175.62,382.31,Medium,492.87,-257.25,135.97,-35.84,-68.24,-2336.7,-32.24,3170.1,10.73,-3216.74,-148.72,2546.64,2418.28,4.33,-5.01,-10145.29,-9.98,32.49,337.8,22068.5,61.98,4,-211.92,20.55,-1480.54,3,184.58,
-239.82,819.36,0.48,-14.9,9753.66,Rest,3875.5,536.11,Very low,432.48,-276.06,-702.08,-32.98,-127.18,-1421.92,-1.51,6063.87,8.63,-10116.04,-92.82,2511.87,2058.22,2.69,-25.47,-7892.37,-3.36,49.38,332.22,14607.88,205.56,4,-329.46,26.34,-1223.02,6,184.01,
-258.99,1270.74,185.22,-12.64,-9637.68,Europe,4102.74,-74.34,Very low,505.89,-309.84,-168.23,-35.04,-69.62,-1588.58,-13.57,1812.62,-0.65,-1553.64,-70.22,1335.59,2708.82,2.01,-11.04,-5714.99,-2.3,39.24,360.39,16844.88,168.75,6,-498.57,20.82,-1281.44,5,2.82,
-158.94,1026.9,13.5,-15.2,1305.15,Europe,3397.02,54.17,Very high,403.5,-302.61,-355.96,-48.4,-1.96,-990.26,-62.65,5537.13,4.43,-10681.92,-158.98,2516.82,3390.8,2.56,2.46,-5884.52,-10.58,41.13,169.98,17739.4,265.92,7,-210.48,19.93,-1302.44,4,149.81,
-318.09,1458.06,4.94,-15.04,6915.45,Europe,3552.78,280.78,Very low,547.2,-205.26,-608.37,-38.64,-110.8,-1054.42,-19.07,2394.1,-0.31,-5631.06,-90.22,847.84,2847.18,3.29,-11.04,-5700.61,-7.06,48.45,287.7,17279.98,-269.76,3,-143.64,23.58,-1972.9,1,178.04,
-263.37,841.77,28.6,-16.96,17265.15,Rest,3879.1,-113.15,Very low,511.2,-321.3,-250.42,-36.8,30.34,-1492.32,-45.31,6395.85,8.42,-10783.1,-175.8,2380.58,2391.84,2.44,20.34,-11140.99,-6.9,13.53,344.52,15835.62,389.58,5,-328.08,19.3,-111.8,6,206.54,
-50.91,2046,4.42,-19.88,9105.75,Rest,4929.8,162.42,Medium,555.39,-462.12,-143.83,-42.12,-97.32,-1526.38,-75.57,3026.74,2.15,-8017.72,67.04,3287.76,3492.28,4.81,58.89,-8036.43,-24.86,55.14,337.62,23255.38,104.52,4,-248.67,21.6,-1693.04,5,210.76,
-260.7,2928.9,2.56,-14.62,-1030.74,Rest,3811.54,175.4,High,374.67,-243.54,-325.08,-21.92,-70.94,-2511.64,-38,3210.21,1.26,-21077.9,-72,2936.99,2264.1,2.88,1.71,-11399.47,-26.42,47.97,336.42,24874.4,158.58,3,-395.97,9.07,-1067.7,1,173.44,
-82.5,668.55,0.34,-20.58,-12385.29,Europe,3689.58,317.95,High,267.6,-334.83,-593.43,-37.88,-24.88,-1697.16,-26.25,-208.54,5.19,-13154.58,22.56,2335.14,3738.48,2.35,-4.14,-9314.91,-3.88,42.54,463.71,16954.98,234.69,5,-391.98,19.43,-2218.18,4,151.71,
-235.11,311.07,0.24,-15.26,11176.38,USA,2676.94,198.38,Low,677.55,-174.33,-211.87,-44,-23.76,-1866.5,-10.25,424.93,3.62,1661.26,14.48,3019.32,2601.36,4.16,-7.14,-7100.44,4.02,31.74,223.53,19096.02,202.2,4,-373.02,14.47,-2296.34,5,143.06,
-237.33,3379.56,1.66,-16.94,-2430.66,UK,3932.82,150.67,Very high,255.33,-302.94,-863.98,-34.32,-140.48,-1071.28,-12.62,336.61,6.87,-9889.32,-138.6,1645.91,2682.62,2.01,2.52,-11972.69,-1.52,71.82,285.12,25053.64,221.91,5,-237.99,20.21,-1396.64,4,158.97,
-286.05,399.06,1.08,-33.14,13535.7,Europe,3178.2,-69.41,Very high,727.83,-302.91,-990.71,-40.78,-156.88,-2155.22,-39.05,1291.01,0.6,-7873.84,-90.44,2468.14,2177.42,8.01,-22.14,-9440.05,-9.18,65.94,10.14,29840.7,214.77,6,-245.25,17.23,-1309.52,6,236.08,
-189.87,2470.47,0.18,-14.84,8651.58,USA,3379.2,578.81,High,454.08,-270.12,-811.96,-37.48,-57.48,-2157.76,-54.5,4032.29,-2.08,-15550.9,-154.38,2395.68,2971.2,2.92,-28.02,-7547.64,-6.98,49.2,306.33,16268.88,131.19,3,-283.38,19.81,-1480.88,2,126.79,
-341.64,1566.63,0.76,-16.6,-6554.88,USA,3661.64,-28.35,Low,319.65,-293.64,-1118.85,-36.1,-89.08,-1749.92,3.89,-1328.07,6.81,-10977.74,43.14,2643.51,3437.06,1.06,-3.48,-4882.99,-7.38,41.1,266.61,20634.5,247.32,3,-424.68,19.7,-1631.94,4,261.8,
116.79,2089.59,0.32,-13.76,-5622.24,Rest,4846.34,-420.2,High,392.4,-378.15,-776.47,-46.4,-65.26,-1050.12,-45.78,-973.88,5.27,-2569.44,-190.14,1948.35,2271.8,3.01,-4.23,-7560.41,-12.6,46.62,289.35,10303.3,241.92,1,-361.32,20.37,-1584.22,3,161.46,
-253.83,1015.11,0.26,-19.76,21777.27,UK,3911.7,239.69,Low,506.73,-609.24,-474.87,-28.24,29.86,-1002.54,-49.19,-2611.81,6.21,-7416.36,-108.9,2342.12,2556.36,8.05,-14.28,-7172.64,-7.48,45.39,285.33,30057.96,-44.43,5,-292.89,21.71,-1580.56,3,165.2,
-198.03,340.41,0.86,-32.76,4327.62,USA,2898,-9.42,Very low,539.58,-291.6,-460.34,-25.14,-57.14,-2081.82,-91.24,-1374.89,2.1,-6947.08,9.36,2400.84,3187.34,6.24,-7.59,-8874.13,-19.18,27.48,314.52,17898.58,313.53,2,-232.32,16.39,-1667.1,4,147.63,
-302.46,2201.49,1.74,-15.36,15549.39,Rest,3875.66,-569.71,Low,628.11,-256.5,-1122.99,-43.9,-173.1,-1797.68,-28.23,5834.65,-1.45,-6054.1,-75.76,2511.39,2137.36,1.98,0.84,-5849.22,-2.74,38.46,49.68,26436.08,270.63,3,-217.89,21.61,-1014.86,4,184.63,
-438.69,3711.72,478.76,-25.32,21676.14,Europe,3062.08,833.75,Very low,524.97,-83.73,-740.64,-32.02,72.66,-1665.46,-8.48,5472.98,1.61,-7313.64,-46.52,1903.34,3836.42,8.42,-1.86,-7555.72,-3.5,45.33,381.96,30436.76,337.23,0,-432.87,19.74,-1428.7,6,178.26,
-492.24,3059.22,1.96,-21.56,8761.02,Rest,4547.82,447.14,Low,1063.05,-300.54,-188.41,-46.66,-75.58,-751.06,1.86,790.08,1.8,-4532.06,-10.12,3060.05,3292.14,8.91,-0.21,-8945.41,-11.36,51.39,292.41,28105.86,279.9,7,-227.01,24.35,-1638.36,2,211.94,
-170.79,4552.83,440.6,-19.52,1823.58,UK,4047.34,592.04,Medium,496.11,-324,-45.04,-41.7,-130.54,-1751.3,1.02,-1319.76,-0.49,-7829.76,-76.76,2577.55,2089.2,5.13,8.37,-2516.48,-14.34,51.78,188.43,14892.8,238.59,2,-412.77,19.61,-625.26,2,163.59,
-121.83,1040.13,28.02,-21.88,-3917.94,Europe,4768.54,386.3,High,531.81,-312.3,-762.63,-25.26,-18.52,-1122.74,-50.92,4043.74,3.89,-6293.1,-239.74,3305.05,1971.34,3.46,-13.95,-11492.12,-5.86,45,317.76,9537.78,198.27,3,-136.68,23.13,-1922.98,1,145.21,
-158.37,1765.08,0.06,-24.1,12238.59,USA,2615.26,-59.14,High,477.42,-286.14,-836.06,-52.38,-45.36,-1021.88,25.4,-434.78,5.11,1012.08,-159.36,2041.98,2216.68,2.23,-12.99,-2737.99,-5.84,44.07,306.93,24492.9,373.89,4,-305.58,16.25,-193.44,3,175.17,
-125.19,618.9,251.54,-14.2,3093.24,Rest,3667.28,187.5,Medium,450.27,-162.21,-580.32,-51.44,11.16,-2387.94,-29.64,-640.63,-2.4,-9543.84,-10.8,2139.22,2368,1.79,-8.19,-11533.73,-27.3,50.04,343.41,26173.8,214.38,4,-368.34,22.55,-1445.5,4,191.59,
-434.79,2764.8,0.1,-17.72,23052.48,Rest,4075.82,331.97,Very high,468.45,-169.68,-1057.91,-40.3,-140.26,-1767.32,25.7,522,2.47,-11658.12,-147.12,2433.42,2209.38,6.17,7.5,-11793.75,9.88,57.81,328.62,20097.38,260.61,7,-205.8,20.27,-1651.54,7,180.17,
-262.98,794.01,0.88,-21.5,2078.67,Rest,4560.54,-426.06,Very low,495.12,-269.25,-822.81,-32.7,-145.92,-1883.44,18.41,1956.33,3.65,-6702.16,-172.06,2274.54,2829.04,3.95,-13.62,-9837.78,-10.94,75.15,166.11,19699.4,187.47,4,-308.61,25.75,-2470.84,6,165.86,
-409.38,933.69,0.62,-25.86,-511.2,USA,3926.42,-37.32,High,545.13,-395.76,-747.1,-44.06,-123.96,-1833.68,-46.96,4222.56,6.66,-4034.7,-100.48,2646.41,2470.88,0.42,-5.34,-7801.06,-7.68,54.57,547.68,22597.56,289.62,3,-440.22,22.65,-947.62,5,225.21,
-370.29,1961.76,0.48,-26.06,-1765.41,UK,4904.16,672.55,Low,590.37,-71.85,-777.55,-35.5,-17.68,-1574.84,-24.19,2805.65,6.07,-16199.14,-76.1,2928.59,3081.42,4.47,-5.37,-9333.82,-10.52,38.16,362.91,19340.74,225.36,7,-273.63,24.61,-2146.88,4,127.57,
-162.12,1746.54,129.22,-20.94,8199.48,UK,3016.14,368.08,Very high,707.13,-60,-1003.77,-36.52,-124.12,-2156.68,-83.7,-552.21,-1.31,-7588.94,-97.5,3406.96,3426.44,5.15,-5.34,-7306.49,-10.04,58.14,164.52,21247.46,225.03,5,-304.89,27.22,-1067.74,6,163.74,
-279.84,1960.02,0.76,-17,833.79,USA,3840.74,117.92,Low,210.09,-188.01,-835.59,-42.86,-66.58,-1673.22,-86.61,2270.07,4.13,-5685.14,-163.54,2605.98,3408.16,4.64,-7.11,-4776.56,-0.12,61.74,191.4,21176.46,147.36,5,-263.43,10.1,-702.38,5,217.28,
-246.09,1501.77,7.6,-22.3,10205.64,Europe,4068.3,-64.17,Low,482.1,-136.8,-771.04,-33.34,-80.28,-1264.9,29.39,-218.92,3.28,-16642.42,-58.74,2467.15,1709.68,2.29,-2.16,-8760.34,-4.98,49.86,213.51,20505.16,38.49,2,-327.69,14.41,-2014.04,1,164.58,
-328.77,2237.82,4.88,-27.54,8986.71,Europe,4582.18,-325.32,Medium,562.86,-99.78,-155.05,-22.1,-37.26,-1772.5,10.48,5076.68,7.92,-11497.28,-98.72,2872.12,1843.84,5.47,-8.7,-12039.64,-13.54,48.75,276.03,38028.02,113.49,1,-225.15,19.56,-2360.9,0,150.8,
-253.23,499.26,13.56,-18.48,1173.24,Rest,3867.7,-16.89,High,600.84,50.91,-528.16,-49.46,-73.92,-1890.34,-40.28,1068.68,6.96,-16859.2,-196.4,2452.65,3636.32,3.28,-11.31,-9983.12,-2.48,48.81,554.52,12472.6,266.07,5,-301.14,19.02,-839.66,3,166.37,
-251.97,752.64,0.2,-26.1,-4243.95,Rest,4306.86,359.42,Low,375.27,-289.68,-805.19,-23.62,-207.52,-2213.38,-35.16,7379.16,3.89,3107.86,-109.62,2592.98,2316.9,5.67,-12,-5574.43,-15.36,50.34,256.14,22274.38,276.27,4,-347.79,22.34,-1547.2,2,186.71,
-27.69,1115.97,2.7,-27.72,-6832.77,USA,3882.96,-217.82,Low,508.77,-245.43,-225.74,-39.5,-108.68,-1415.2,-39.25,-2685.9,7.41,-15067.42,-102.98,2185.17,1465.46,5.55,-3.99,-5535.71,1.94,44.25,684.48,28578.16,193.32,6,-290.13,11.78,-1776.5,4,196.14,
-161.49,-85.17,0.06,-12.66,843.66,Europe,3684.76,245.27,High,409.53,-320.91,-854.88,-34.84,-21.64,-2051.14,-0.9,1334.32,5.28,-12455.18,-40.52,2491.44,3729.04,4.2,-8.01,-10506.58,-6.3,41.58,300.96,25222.64,194.16,4,-224.58,17.94,-1762.84,6,151.12,
-433.74,528.99,9.24,-18.6,18393.21,UK,2950.5,287.64,Very low,268.29,-150.63,-541.33,-32.44,-109.04,-1923.74,-9.56,1184.47,6.68,-11153.08,-72.42,2062.77,2464.28,2.72,30.6,-3991.51,-10.58,56.94,201.42,16031.78,593.4,6,-345.78,26,-528.38,1,191.43,
-178.26,-356.22,33.72,-19.9,-2491.65,Rest,4194.66,191.06,Very high,483.87,-433.89,-758.84,-35.82,-87.52,-1592.84,-27.95,8691.48,2.47,-9970.24,-159.02,2496.08,2604.92,2.96,-18.63,-5307.02,-4.32,54.93,319.98,29064.44,318,5,-287.97,25.79,-1769.66,6,111.67,
-652.95,3825.36,32.24,-19.88,835.08,Rest,2882.34,274.13,Low,447.96,-220.17,-675.91,-27.54,-62.14,-1055.34,-34.08,8590.57,2.92,3226.84,-115.02,2313.2,2519.06,3.18,5.25,-7608.62,-9.04,52.23,333.3,17595.1,263.52,6,-260.61,21.63,-1169.16,6,153.16,
-293.58,961.26,19.38,-14.92,9719.7,UK,3340.98,49.36,Very high,503.07,-289.68,-851.48,-44,-10.48,-1074.68,45.14,3176.13,1.73,-8222.92,-31.42,2555.32,2786.46,2.87,-12.93,-9686.76,-10.74,42.84,273.57,28513.08,321.99,6,-236.64,19.28,454.3,4,157.3,
-294.33,2252.25,3.56,-38.74,17425.05,Rest,4046.26,-189.4,Very high,503.43,-165.51,-348.37,-29,-86.42,-2096.06,-16.12,7602.43,5,-2410.06,-121.06,2148.39,2692.9,0.94,-35.76,-7041.07,-11.12,52.02,363.99,21186,241.77,6,-373.14,19.62,-1608.9,5,181.3,
-239.01,1380.15,4.96,-16.2,7399.59,Rest,4310.12,399.33,Medium,434.31,-31.23,-1194.15,-34.22,27.62,-1965.14,26.01,-2871.47,6,-6755.44,-244.58,2231,2411.08,3.66,-6.66,-13603.1,-8.32,50.58,297.45,29842.48,196.08,5,-297.45,19.2,-995.3,7,175.18,
-262.44,2601.93,3.38,-20.86,15089.43,Rest,3670.32,-44.11,Very high,724.74,-233.73,-734.26,-46.4,-3.06,-1247.64,-78.18,8269.02,6.4,-10335.3,-17.26,1600.52,2080.36,8.88,-9.96,-9622.44,-26.6,51.45,401.31,10062.1,143.88,4,-265.86,18.96,-1748.08,1,170.46,
-292.89,1580.16,0.46,-13.76,16844.04,Europe,3060.4,158.87,Medium,685.77,-339.57,-556.67,-26.82,-80.34,-2263.66,-87.82,3168.26,3.45,-8034.68,-68.68,2632.98,2624.96,1.87,-29.13,-7620.1,-13.96,42.18,282.48,27721.36,310.59,3,-225.24,18.95,-1266.78,5,113.98,
-148.62,1883.13,0.06,-13,1710,USA,3597.08,49.78,Low,425.25,-282.75,-655.51,-36.92,-100.9,-1078.68,-29.58,1818.84,5.47,-11289.6,-38.96,3088.51,2191.14,4.71,-5.88,-10644.81,-6.82,50.4,323.88,35350.7,237.63,2,-447.96,21.37,-1638.46,3,186.83,
-225.54,1718.61,131.86,-31.92,18687.63,USA,3524.32,159.88,Very high,914.88,-101.01,-805.93,-46.66,-34.18,-1183.34,-38.19,-3240.14,7.05,-15520.02,-103.58,2156.16,2797.56,3.86,-8.1,-6810.63,-11.46,48.57,207.21,35743.34,210.42,4,-231.69,24.13,-256.7,2,138.46,
-217.92,1587.63,16328.16,-23.56,11879.61,UK,3681.04,-125.81,Low,539.19,-248.43,-310.86,-23.76,-126.04,-2419.82,-0.66,1901.88,5.44,-15911.42,-107.64,2580.8,2330.82,3.43,-5.1,-11061.66,-34.46,51.12,271.83,11619.08,248.61,2,-325.77,17.92,-652.34,3,189.48,
-351.96,2268.39,0.02,-22.98,6006.9,Europe,2751.36,414.22,Low,462.21,-116.91,-436.1,-30.16,-30.18,-1539.52,-40.13,701.96,6.34,-18564.86,-88.96,2071.28,3424.94,7.72,-24.33,-10802.36,-10.9,54.03,265.83,20644.96,280.77,3,-247.47,20.42,-1253.32,3,136.82,
-133.89,1995.99,10.68,-18.04,12130.98,USA,3620.64,50.08,High,601.47,-173.19,-1102.74,-33.5,-75.28,-1637,-22.16,1603.33,1.64,-12425.24,-97.84,2217.29,2603.02,6.17,-6.18,-9007.19,-9.34,50.64,240.24,33220.16,156,6,-362.4,21.4,-2221.12,5,-38.02,
-374.58,1115.28,9.46,-15.6,5743.98,UK,6306.66,109.12,Very low,374.7,-470.91,-814.7,-36.86,-50.88,-2147.24,-75.65,-516.91,4.65,-5943.98,26.34,2243.13,3928.58,3.83,-3.06,-10168.99,-10.06,25.83,427.71,18591.92,109.05,6,-186.87,27.2,-807.76,5,136.76,
-245.85,304.26,0.82,-15.76,18714.03,Europe,4249.12,80.36,Low,499.02,-119.94,-647.96,-35.84,-148.56,-2878.62,-75.42,-546,1.4,-6802.88,-128.16,2612.59,1663.1,2.46,-32.61,-15257.54,-7.26,46.2,361.11,27951.56,540.96,5,-294.51,24.77,-801.82,6,215.38,
-230.43,2512.44,4.98,-32.18,19548.45,Rest,3878.8,299.03,Very low,548.55,-263.73,-156.73,-32.92,-65.92,-2024.22,-53.41,-2298.99,2.95,-6224.18,-66.7,2865.8,2544.52,4.74,-16.56,-10371.88,5.58,48.15,326.28,16483.36,235.23,6,-371.49,19.82,-1635.8,4,188.92,
-81.42,1995.66,1.42,-16.32,17350.11,USA,3065.28,790.26,Medium,398.19,-423.27,-268.84,-41.32,8.76,-1617.1,-28.65,4153.57,-0.8,-10751.34,-122.24,2388.18,2749.24,2.15,-3.06,-4571.25,-17.22,53.4,324.69,19216,332.25,3,-304.08,22.61,-790.86,4,223.52,
-199.47,1758.81,0.54,-15.72,-9518.7,UK,4253.02,-229.4,Medium,381.57,-252.3,-663.09,-46.24,21.78,-1048.36,-19.12,-3783.58,6.86,-5474.78,-153.42,2547.14,3468,3.98,-10.83,-10611.15,-9,45.54,425.01,17386.52,137.04,2,-255.87,9.66,-1108.78,7,163.82,
-292.71,215.55,912.84,-14.8,-3272.4,Europe,2784.1,154.24,High,157.95,-160.74,-311.82,-34.58,-132.4,-1609.88,-4.51,2335.01,1.26,-10504.06,-57.76,1760.45,2082.4,3.58,-22.68,-7191.55,-9,64.08,456.36,8500.54,534.33,4,-448.98,19.28,-2423.32,3,218.32,
77.88,1691.73,0.26,-32.24,5119.14,USA,4030.86,143.71,Very low,649.08,-330.24,-921.92,-30.38,-147.16,-772.38,-47.33,6874.32,5.65,-13744.8,-68.44,3209.33,2396.92,2.64,-5.64,-10313.64,-8.16,46.14,385.17,31445.46,103.8,5,-227.13,20.91,-794.46,4,156.36,
-39.66,980.4,0.04,-23.22,16287.93,UK,4159.58,632.07,Very high,481.44,-278.85,-979.37,-43.7,-4.6,-2049.44,-2.25,8894.76,4.14,-12916.86,-48.68,2466.6,2068.72,2.52,-12.75,-7608.19,-4.4,79.77,258.69,18526.62,289.65,3,-419.19,19.85,-491.74,4,120.6,
-195.06,1573.02,0.04,-26.06,2710.17,Rest,3014.9,-247.04,Very high,470.67,-249.21,-474.33,-40.06,-136.54,-1489.32,-2.98,-584.03,5.57,-14413.64,-40.08,1548.47,3189.8,1.23,-5.85,-11588.37,-9,51.69,272.07,22245.12,418.14,1,-168.72,19.29,-2395.84,3,175.84,
-214.29,864.63,4.74,-20.26,7876.23,Europe,3906.98,395.03,Very high,483.69,-281.88,-37.68,-38.16,-104.34,-2697.96,-30,5350.39,0.54,-7662.74,-110.44,1916.36,3158.84,6.65,-11.01,-10421.03,11.4,45.87,152.88,27065.32,194.76,5,-263.91,18.69,-1275.06,4,242.82,
-211.65,2385.66,384.7,-21.96,27127.77,Europe,3765.6,783.67,Medium,435.75,-446.16,-414.82,-31.66,-116.32,-1365.36,-26.75,1481.93,10.32,-13080.98,-108.56,2816.06,2871.76,7.49,-25.83,-12207.68,1.02,39.06,305.22,28161.86,191.25,5,-496.5,11.66,-1891.78,4,248.82,
-206.13,2488.83,17.52,-15.46,-6528.21,Rest,3877.22,-342.73,Very low,510.9,-344.31,-929.6,-33,-76.46,-1547.64,-67.32,3940.7,5.64,-6799.48,-44.96,1772.09,2428.2,1.52,-25.53,-10592.68,-20.46,58.47,300.09,23222.68,349.02,2,-305.97,19.21,-2118.1,1,121.71,
-204.84,1465.23,0.7,-25.06,22380.33,USA,4707.82,46.71,Very low,513.27,-293.52,-484.86,-10.46,28.88,-2737.32,-64.67,1037.4,3.15,-17290.34,-150.42,1875.66,3414.56,2.02,-4.86,-7847.02,-14.66,39.3,100.95,17878.28,189.96,0,-458.64,12.41,-658.6,6,180.65,
-229.92,1885.77,0.32,-21.5,9601.95,USA,2570.48,-2.62,Low,647.34,-295.62,-222.5,-37.02,-127.34,-1609.02,-63.22,3332.27,-0.36,-1047.82,22.78,2958.28,1899.5,0.43,-18.78,-7972.77,-12.66,28.2,295.29,21583.26,261.33,4,-395.79,20.03,-1700.1,2,201.41,
-186.93,1523.13,0.22,-18.04,6963.6,USA,3433.68,-410.18,Low,577.89,-252.84,-917.25,-40.52,-104.98,-2452.58,48.93,6338.77,6.65,-15379.8,-24.3,2343.93,1899.44,1.84,-4.5,-9177.47,-10.1,46.71,475.2,22410.06,258.87,2,-387.87,17.81,-1617.64,1,91.87,
-187.17,724.89,41.22,-21.32,8920.23,Rest,3747.52,-474.89,Very low,370.86,-247.98,-865.07,-50.38,-269.24,-2359.22,-19.1,7036.35,-1.72,-13901.02,-124.32,2149.17,2793.58,7.43,-16.89,-4381.56,-9.88,47.76,303.54,21621.62,295.11,5,-270.18,25.91,-1494.56,5,182.19,
-256.77,2080.02,17.22,-15.1,12090,Europe,3742.64,157.45,Very low,476.34,-254.64,-675.65,-36.64,-106.3,-2142.8,-38.25,2691.93,5.84,-7962.66,-128.72,2519.6,2185.68,0.4,-7.17,-10605.6,-16.48,54.78,437.61,24470.02,256.53,2,-297.3,31.35,-1437.08,5,141.02,
-291.33,1489.5,0.1,-13.4,-11454.33,Europe,5361.04,49.17,Very low,502.2,-330.09,-707.67,-40.2,-68.8,-1743.86,-2.91,-33.97,1.53,-123.94,-62.34,1809.64,3062.36,8.29,-8.82,-11624.98,-3.62,44.01,276.72,18632.38,387.66,1,-343.14,18.61,-1790.92,7,115.92,
-373.77,2495.28,14.24,-20.4,-884.55,UK,2955.44,-193.36,Medium,467.49,-231.15,-864.07,-32.48,-0.12,-1965.46,-67.58,5851.5,2.02,-1606.26,-168.3,2322.31,2091.44,4.43,9.9,-13592.29,-13.96,32.04,318.3,19584.46,338.49,4,-521.88,20.33,-835.16,5,168.13,
-168.33,1150.65,0.06,-19.4,12211.53,USA,3197.16,331.38,Very high,553.5,-154.05,-73.95,-43.12,-81.74,-1458.5,-90,71.78,4.63,-14746.32,-86.4,2103.59,2433.46,1.03,2.97,1753.15,-1.98,51.42,272.79,24969.16,473.73,4,-463.23,16.9,-1586.4,6,102.31,
-216.81,1667.28,11.02,-15.38,-4910.52,UK,3645.9,-298.99,Very high,506.67,-263.22,-1012.87,-30.78,19.98,-1220.42,10.94,-1186.16,4.07,-9681,-20.76,2853.51,1904.88,2.45,-15.84,-11741.01,3.76,61.35,411.3,19907.62,282.66,2,-476.79,19.96,-339.54,5,154.19,
-257.34,2161.47,5.18,-19.34,-13042.83,Europe,4027.26,483.19,High,507.45,-258.3,-750.12,-39.02,-58.66,-827.04,-24.42,6546.86,0.7,-14569.2,-90.94,2205.08,2721.02,2.24,-11.31,-11318.34,-6.36,50.76,403.38,21630.02,348.54,10,-301.8,18.28,-1423.02,2,255.6,
-324.03,905.52,14.52,-17.42,15445.29,USA,4223.76,310.8,High,714.6,-247.47,-383.91,-38.58,25.52,-1374.6,-50.37,547.25,0.52,-9067.54,-24.12,2059.84,4002.18,2.67,-3.66,-7612.21,-1.04,69.24,29.76,29114.86,125.28,3,-200.88,17.15,-531.3,3,202.76,
-696.3,3101.37,11.8,-19.98,3206.19,Europe,4035.14,119.38,Very low,399.63,-372.78,-624.38,-43.26,-27.94,-1400.6,9.72,2478.61,2.8,-6554.36,-137.74,1565.64,2710.88,5.71,-8.4,-6862.31,-15.32,52.5,263.13,25091.94,178.65,5,-371.76,20.26,-2153.5,3,150.14,
-558.03,2509.35,7.9,-15.76,-9217.5,UK,6048.8,-357.93,Very high,252.75,-106.8,-443.07,-28.76,-45.72,-1543.32,-3.42,-568.87,1.7,-13598.64,-74.9,1901.03,3255.3,6.61,-12.69,-14242.62,-8.86,49.08,192,22115.34,200.73,4,-178.95,17.84,-852,2,220.75,
65.07,2331.45,0.14,-28.12,8573.97,USA,3518.26,-346.12,High,475.02,-267.18,-973.59,-22.94,-138.86,-1441.56,-60.54,2193.48,3.64,-8660.96,-153.16,1995.19,2787.86,3.06,-15.51,-12205.84,-8.04,39.66,339.15,24980.08,253.14,2,-153.96,18.48,-1100.92,3,150.25,
-339.39,2685.75,2.58,-17.92,-6781.14,Europe,3347.82,538.07,Medium,539.19,-146.55,-298.11,-38.78,-6.52,-994.94,-14.57,5276.97,2.32,-4491.16,-18.6,2413.4,1862.22,1.51,-9.15,-7857.38,-9.52,54.81,256.53,14369.3,248.94,2,-301.23,26.61,-1423.42,5,182.7,
-335.46,949.11,7.76,-14.76,1576.53,Europe,3293.06,52.41,Very high,735.36,-344.25,-507.18,-15.02,-97.3,-1442.84,-9.83,2456.44,6.82,1596.72,-71.78,2327.82,2457.68,3.37,-23.79,-9417.62,-7.9,50.43,461.4,14589.98,56.73,5,-320.58,22.45,-1521.9,6,174.93,
-131.52,2866.23,0.02,-21.7,10539.9,UK,3839.9,-310.07,Medium,491.76,-114.12,-685.27,-44.42,-133.08,-1431.94,-63.58,84.89,2.76,-14595.02,-87.98,1944.42,2221.92,3.22,12.87,-9394.27,-0.84,49.29,320.04,14609.26,143.25,5,-321.45,19.58,-1996.06,3,197.32,
-265.83,183.6,0.98,-16.12,13959.84,Europe,4023.04,540.22,Very low,446.55,-221.61,-691.29,-37,-145.86,-1613.7,-2.31,-4068.76,-1.76,-258.84,-102.76,2328.9,2515.38,7.9,-13.86,-10704.83,-8.88,53.73,443.13,18496.54,192.54,5,-203.25,18.92,-757.42,4,184.26,
-292.29,2387.04,1.44,-13.26,10505.82,USA,3891.8,-62.93,Medium,560.79,-537.45,-662.6,-56.82,-111.14,-1313.4,-16.06,622.72,4.14,-12050.04,-142.78,2320.48,2436.46,2.7,-4.62,-9688.52,-14.52,53.73,270.66,22487.52,294.45,3,-305.67,20.72,-1719.98,3,211.94,
17.22,1938.45,49.72,-17.42,16450.59,UK,5507.72,137.64,Very high,624.51,-201.39,-588.51,-39.92,-94.2,-2367.66,-63.58,3670.8,3.97,-12853.94,-51.14,2396.34,2267.16,13.42,-5.19,-12031.96,-9.8,30.03,297.18,24759.62,332.7,6,-386.4,14.32,-1682.46,4,295.48,
-271.92,2475.33,1117.1,-34.56,10020.06,UK,3760.66,393.23,Low,504.39,-202.38,-605.11,-36.48,27.94,-346.04,-56.09,7003.25,5.39,-8070.46,-83.2,2063.94,2629.44,5.88,-5.49,-12905.76,0.3,52.83,255.45,17005.78,189.33,6,-227.07,16.6,-265.46,6,146.85,
-394.44,1750.98,20.26,-16.16,19827.75,Rest,3934.8,369.79,Low,403.08,-241.98,-671.34,-41.88,-47.92,-1976.3,56.71,5171.52,5.41,3167.06,-183.54,2273.4,2245.18,2.98,1.92,-12312.56,-5.3,39.15,255.54,20320.82,73.86,2,-255.3,19.32,-1445.02,5,105.19,
-205.8,790.98,0.16,-18.74,7662,USA,3640.26,389.18,Medium,493.17,-159.36,-1146.07,-35.82,-32.66,-2109.58,-1.75,-1894.18,4.01,-1071.48,-169.16,2667.44,2445.58,2.54,13.98,-9946.19,-13.1,47.28,323.52,16955.16,188.22,3,-240.63,18.92,-1674.38,7,107.94,
-393.15,1761.39,1.9,-19.22,86.85,UK,3622.34,567.17,Very low,547.41,-378.75,-975.67,-38.8,-127.04,-1416.7,-44.58,6976.19,6.49,37.94,-122.72,2414.04,2825.38,1.3,-8.94,-4994.84,-9.56,50.58,287.07,29285.52,112.59,2,-325.5,19.77,-1462.5,6,300.18,
-198.99,2843.88,3.94,-23.14,-3208.5,Rest,4047.42,752.5,Medium,358.56,-245.91,-776.18,-31.5,-131.8,-1909.24,4.57,-2867.74,1.15,-8919.68,-53.18,1746.43,3117.12,1.48,-18.78,-9491.75,-33.76,32.91,376.8,24386.48,131.52,7,-309,18.64,-1582.06,2,155.93,
-193.47,1670.19,23.7,-14.22,7304.52,Rest,4750.8,41.74,Low,473.79,-308.25,-187.32,-41.76,-55.22,-1120.72,26.85,8097.43,0.66,-3905.98,-17.08,2578.28,2598.52,2.53,-8.28,-11698,-4.08,64.62,-170.34,12373.48,381.3,4,-344.85,21.27,-613.5,4,158.34,
-248.49,943.38,41.92,-28.5,5630.79,UK,3727.54,105.97,Very high,521.7,-331.2,-236.12,-48.14,-121.2,-2189.24,-23.09,3300.75,0.04,-6813.08,-97.32,1583.38,2516.94,8.73,10.92,-13358.77,-6.88,45.06,247.92,21128.3,443.7,4,-455.43,25.41,-2332.62,2,143.33,
-254.34,2419.44,0.02,-21.52,22122.09,Europe,3284.48,599.95,Very high,399.27,-117.48,-681.53,-36.74,-24.2,-1174.76,-6.89,2351.17,-2.55,-17388.66,-108.02,2389.04,3365.62,2.67,-15.15,-9036.22,-15.94,27.78,284.97,29923.86,314.31,2,-367.92,28.73,-2100.74,5,181.84,
-340.38,1127.52,12.22,-13.36,6386.73,UK,2835.66,270.26,High,482.88,-238.68,-492.05,-39.46,-165.6,-1353.2,-27.78,3785.37,5.62,-12302.38,-210.34,2306.13,3146.4,1.66,-12.66,-11654.44,-10.76,48.06,205.08,22630.36,374.7,3,-334.8,19.86,-1359.4,4,230.03,
-217.47,2020.26,0.02,-16.52,11911.92,Rest,3251.98,219.23,Medium,789.63,-218.76,26.52,-38.26,-101.24,-894.76,-40.31,1266.16,5.54,-17531.52,42.22,2281.78,2562.28,3.62,1.56,-8860.86,-10.1,37.89,292.41,33501.52,390.06,3,-255.6,14.5,-2142.68,5,171.61,
-239.76,2163.18,7.66,-20.2,-11308.8,Rest,2683.16,-61.79,Very high,322.98,-279.15,-1074.68,-37.98,21.8,-840.28,-21.15,-1567.16,5.33,-912.96,-209.24,2918.86,2930.9,6.42,1.23,-2628.71,-7.38,70.05,258.69,34573.3,76.5,4,-398.37,14.96,-1568.14,3,116.78,
35.88,899.64,287.24,-14.86,7959.84,UK,3835.22,-31.43,High,477.27,-120.12,-845.91,-32.94,9.6,-445.46,-38.69,-230.8,1.29,-10628.48,-89.6,1779.58,1744.48,4.95,-10.86,-8289.8,-10.96,37.95,129.66,17450.34,284.25,8,-181.62,19.65,-1349.64,6,190.55,
-220.92,2322.24,2.66,-13.98,3903.15,Rest,2627.26,-66.81,Very low,348.87,-192.51,-879.08,-39.2,-126.3,-591.06,-49.36,2897.92,6.65,1132.24,-59.38,2528.88,3408.06,3,-12.45,-9481.43,-12.92,14.43,320.34,28807.8,606.6,3,-298.23,18.4,-692.66,5,186.07,
-164.31,1149.54,7.08,-13.94,22858.53,UK,4733.94,564.82,Medium,478.26,-300.33,-910.77,-38.1,-106.06,-1341.38,-40.22,3582.43,0.14,-10063.78,-104.78,2554.76,2620.84,4.19,19.05,-9395.15,-7.76,69.48,139.44,22614.88,388.65,5,-407.58,16.39,-1765.4,2,127.06,
-233.76,2196.27,0.52,-23.3,-7192.74,Europe,4337.2,136.42,Medium,276.09,-153.75,-435.5,-16.14,-42.92,-1094.26,-36.95,6230.55,1.7,-14350.8,-146.6,2438.51,2599.6,0.75,-3.81,-8136.45,-22.14,44.13,248.4,18144.72,265.14,3,-361.23,15.53,-1032.92,4,169.15,
-248.49,2151.69,12.34,-17.06,8245.05,Rest,5794.76,115.31,High,352.5,-138.18,-476.97,-54.36,-168.9,-560.16,-22.99,1926.24,4.15,793.72,-50.96,2839.99,2478.4,7.89,-7.26,-8707.26,-6.54,49.83,494.04,24672.28,293.07,2,-263.31,18.15,-1951.62,4,229.82,
-322.89,4220.91,0.64,-13.14,15362.52,Europe,2307.32,459.9,High,130.14,-269.16,-1026.04,-67.48,-4.06,-806.58,-7.37,2368.56,6.64,-681.84,-109,2183.14,3146.5,1.13,-9.69,-11548.45,-15.78,46.65,604.8,30143.6,390.36,4,-210.51,20.42,-1251.64,8,122.34,
-401.73,1585.74,0.46,-16.96,11480.61,Rest,3632.88,157.01,Low,655.05,-326.64,-244.12,-35.86,-92.44,-1787.26,-41.65,-1579.74,0.69,-16997.46,-5.08,1913.75,2183.88,0.88,-17.82,-6857.01,-26,48.48,355.05,10597,238.2,2,-365.61,15.92,-1619.28,6,137.23,
-258.15,1065.9,14961.34,-16.96,-13160.1,Europe,4035.08,12.5,Medium,542.79,-234.36,-756.11,-40.64,-49.06,-1462.16,-41.39,543.96,0.61,-23554.58,-109.24,2029.95,2560.56,1.28,5.61,-5092.77,-4.18,61.23,250.5,10783.06,150.96,3,-348.21,18.88,-1975.7,7,160.66,
-299.97,-269.19,258.72,-15.98,21245.4,Rest,4805.12,-9.15,Very high,654.93,-390.75,-579.95,-41.84,-90.58,-2200.7,-51.48,-3937.42,6.84,-5390.5,-131.56,2186.9,2641.28,2.12,5.16,-9195.75,2.36,59.25,454.11,23490.96,334.02,6,-272.37,16.72,-1496.6,5,173.22,
-148.86,758.22,0.56,-17.18,9807.66,USA,4524.52,-66.2,Very low,541.71,-249.81,-269.84,-36.7,10.78,-1286.66,12.25,4009.6,3.42,-7390.48,-81.34,1322.89,1849.98,8.09,-0.51,-6618.81,-9.18,58.89,288.72,24979.42,255.42,4,-251.43,19.06,-1036.54,6,206.06,
-91.98,1917.84,0.26,-12.86,7997.25,USA,3981.7,215.93,Very low,393.03,-553.14,-151.67,-38.04,-181.64,-1121,-7.93,5551.57,3.01,-8723.18,-72.7,2256.91,2742.62,2.15,-7.38,-12005.74,-7.4,57.09,438.57,11097.48,429.06,4,-367.8,6.5,-1976.32,4,152.85,
-222.75,1513.65,0.48,-32.48,14915.46,USA,4168,786.46,Very low,595.5,-153.33,-438.84,-36.54,-31.66,-1965.8,-34.31,2747.18,2.68,-5683.62,-24.2,1038,2150.08,3.83,-7.47,-6669.39,-3.98,45.87,501.39,28239.74,27.75,4,-327.87,21.42,-761.48,2,204.68,
-291.93,726.48,3.48,-15.74,1840.77,UK,2853.96,52.1,Very high,469.32,-198.09,-692.52,-24.7,-122.02,-2406.84,-35.91,-3384.88,-3.54,-7287.8,-64.22,1532.01,2199.34,3.11,-1.35,-6622.82,-5.22,58.68,567.63,18878.88,300.72,6,-357.27,13.1,-1309.16,7,226.68,
-320.34,3129.66,184.76,-15.74,25724.67,USA,4943.26,-38.36,Low,199.44,-250.98,-189.05,-30.34,-61.58,-2074.14,-42.8,-109.8,8.05,-2576.58,-48.66,1950.14,1917.4,3.92,-24.3,-11011.34,-18.92,48.18,567.78,22220.76,294.51,1,-473.52,24.79,-952.74,6,149.37,
-402.45,1790.52,8.44,-12.68,11043.66,Rest,2654.88,-124.4,Very high,285,-360.87,-539.66,-35.18,12.5,-1686.04,-66.82,7361.68,5.12,-7407.42,-146.48,1851.46,3107.68,2.62,-14.07,-9433.81,-5.46,41.58,402.66,13417.88,270.81,3,-227.25,18.34,-1621.46,3,159.09,
-323.07,539.28,0.1,-26.1,17745.63,Europe,4430.84,-319.2,Very low,394.89,-206.13,-1013.42,-33.86,-156.16,-2560.96,-60.88,2247.97,5.65,-9285.44,-81.74,2241.38,2064.1,3.37,-4.11,-9503.75,-27.84,44.55,490.92,12434.86,507.06,3,-373.05,20.55,-1448.12,4,172.66,
-195.36,1971.51,23.44,-23.24,8657.46,Rest,4319.14,354.25,Medium,520.65,-306.66,-49.91,-30.02,-160.78,-1841.42,-41.02,-298.6,3.93,-6357.48,-31.74,1955.64,2028.04,13.51,-1.53,-5028.55,-15.86,43.47,336.45,30300.3,325.89,7,-406.2,19.12,-2177.78,0,133.39,
-117.39,1428.75,39.38,-32.66,-1079.16,USA,3842.68,348.49,Very high,523.05,-214.17,-604.56,-24.76,-24.56,-1230.86,-30.95,-3687.62,8.37,-2580.76,-67.74,1495.77,1648.14,2.37,-7.71,-12371.61,-8.26,50.82,219.33,10912.24,256.95,3,-325.77,17.64,-1624.66,6,160.61,
-21.06,180.48,6.86,-19.72,19670.4,UK,3438.14,-96.83,Medium,406.05,-357.45,-257.15,-30.24,-85.06,-1691.84,17.46,3538.31,4.96,-18056.36,-44.54,2377.31,2887.48,4.93,-25.77,-7970.88,-9.72,55.14,367.26,15395.52,425.31,7,-332.1,23.66,-1963.74,3,178.11,
11.28,1986.87,21.52,-17.28,10629.93,Europe,5676.24,-484.38,Low,501.15,-511.47,-953.38,-30.74,-126.8,-759.76,-7.38,3192.83,4.6,-14477.72,-131.84,2383.77,2808.02,1.48,-46.05,-12600.3,-1.1,86.88,351.3,38727.4,261.54,4,-246.9,25.78,-2046.52,2,210.3,
-280.26,-296.79,2.58,-17.74,10043.28,USA,2987.6,24.75,Very low,689.28,-162.66,-212.23,-35.5,-91.86,-1508.54,-5.72,1542.62,5.04,-15002.1,-124.66,2545.18,2351.76,5.33,-7.2,-7732.36,-14.74,49.32,294.81,20599.88,295.92,3,-482.88,26.45,-2804.52,2,172.34,
-197.43,908.52,0.16,-30.7,12133.2,UK,3562.96,27.2,High,351.9,-146.79,-740.31,-37.8,-31.56,-1447.66,-27.88,2397.34,6.65,-15303.76,-140.46,1775.79,2769.26,5.34,-16.68,-7366.47,-6.96,42.18,244.38,17174.06,92.01,6,-246.36,15.09,-1437.32,6,149.17,
-173.19,1024.95,46.02,-18.38,20957.16,USA,5523.82,233.95,Medium,668.46,-308.04,-593.83,-40.66,-60.28,-2326.12,-61.27,8586.16,2.32,-2465.46,-168.18,2406.29,3155.62,3.23,-7.62,-6947.13,-9.64,24.78,228.63,19392.04,148.71,1,-301.26,17.42,-1809.84,1,205.63,
-76.2,1583.52,1.26,-20.5,3350.28,USA,4169.54,405.33,High,566.79,-829.29,-550.38,-18.98,1.88,-630.02,2.61,-935.03,-3.42,-11602.48,-118.78,2354.54,2138.16,4.25,29.1,-9215.79,-11.66,37.41,297.06,3211.58,-6.84,3,-207.51,17.42,-2899.5,6,164.96,
-277.2,3003.51,37.9,-15.44,1576.8,USA,3108.42,106.85,Low,363.6,-265.56,-450.23,-44.2,-91.72,-1182.36,16.43,-1619.24,9.72,-5856.7,-157.44,2209.32,2872.24,2.71,-8.52,-5671.92,-7.8,42.36,261.27,17690.3,280.44,1,-319.44,18.06,-1365.9,3,157.51,
-335.43,2322.45,2.84,-16.32,12803.79,UK,4534.76,353.58,High,661.86,-468.24,-836.97,-48.04,-60.98,-1434.66,-28.41,-2458.21,8.77,-9962.14,-111.8,2208.35,2497.4,3.01,-0.3,-7115.02,2.78,59.88,557.94,20080.54,-87.06,0,-565.77,15.92,-1748.02,4,105.48,
-313.11,1171.71,6.64,-14.52,-2663.49,USA,3593.62,67.49,Very low,481.62,-459.75,-715.89,-27.3,-33.1,-992.52,-35.7,5382.62,2.46,-8248.1,-68.76,1995.34,1827.42,3.91,-28.62,-9228.11,-9.9,46.44,306.33,18235.3,161.19,8,-267.75,19.07,-2852.54,7,175.44,
-170.25,1467.93,0.26,-19.58,2807.49,USA,3049.04,255.64,Very low,502.08,30.15,-700.17,-41.06,-122.58,-483.6,-31.36,-718.91,6.43,-5419.86,-202.6,2906.75,2660.56,16.17,-11.55,-4597.94,6.96,42.66,364.77,24976.56,181.65,3,-263.55,27.23,-1362.66,3,157.49,
-353.91,2712.24,0.02,-36,-5864.28,Europe,2475.32,-222.13,Low,535.32,-293.22,-266.6,-35.6,-1.22,-1240.56,-57.46,-3924.52,5.65,-15039.84,-215.74,2356.7,2350.54,2.11,-6.57,-7858.91,-20.3,54.57,315.24,19977.32,412.86,5,-280.08,25.01,-1684.84,5,180.39,
-210.72,1082.46,0.24,-33.24,17960.16,Rest,3350.18,436.68,High,431.58,-437.79,-611.32,-35.68,-14.52,-1670.02,-26.27,3169.2,-0.57,-4086.24,-81.22,2536.2,2069.02,3.41,-10.62,-6321.12,-18.22,28.47,232.23,16820.74,267.48,3,-386.19,17.82,-2370.66,8,164.76,
-163.26,1929.9,40.4,-24.7,7718.67,Europe,4017.74,436.72,High,508.08,-277.59,-214.25,-42.56,40.64,-2428.74,-31.39,6751.68,4.02,-5145.44,-153.56,2414.57,2233.86,2.08,-7.29,-11556.68,-18.54,37.41,312.96,22199,289.38,7,-430.95,19.78,-969.26,2,216.13,
-278.76,1953.72,0.26,-22,12339.24,USA,3866,-285.53,Very low,501.66,-303.72,-277.32,-42.06,-121.56,-1865.02,-40.63,4325.53,-2.16,-6242.8,-41.3,1970.76,2481.78,1.28,-7.14,-6947.13,-9.04,51.96,279.99,18339.52,408.96,3,-298.53,21.73,-2240.92,3,178.37,
-116.64,872.91,12.28,-16.24,27696.39,Europe,3645.68,38.84,Very low,475.92,-35.97,-692.01,-1.18,-95.8,-1896.48,-34.76,8456.49,2,-6048.84,-162.98,2725.69,2706.78,1.02,-14.34,-7754.08,-6.84,59.55,501.63,22667.06,222.15,5,-345.06,32.04,-799.38,7,84.02,
-260.88,809.88,0,-14.42,14639.97,UK,4021.48,17.17,Medium,392.85,-359.13,-365.96,-34.18,-58.44,-2154.14,-29.52,5589.17,0.48,2103.96,-79.32,2340.98,2499.7,4.62,-16.35,-13918.04,-13.1,61.8,293.73,26672.58,166.02,2,-416.43,20.84,-2043.36,2,155.2,
-384.15,2829.42,9.46,-14.88,2461.41,UK,5687.38,-201.85,Low,616.95,-175.86,-975.82,-38.54,-87.6,-725.88,-14.94,99.89,7.1,449.24,-198.58,2251.84,1998.78,1.57,-8.19,-8402.87,-12.58,50.37,76.68,18162.4,244.98,3,-317.64,16.49,-1000.38,5,172.39,
-455.34,2200.47,1.3,-17.6,-1001.07,Rest,3781.52,551.58,Low,505.17,-355.5,59.15,-39.44,-55.7,-833.4,-53.57,358.51,4.97,-14231.6,-157.44,2408.22,2595.76,1.08,-39.57,-10998.11,-4.96,43.62,204.36,18515.5,-90.96,4,-190.8,6.72,-2116.64,3,173.81,
-396.06,2737.74,1.46,-15.94,-6818.67,Rest,4568.72,422.66,Very high,927.18,-357.3,-690.25,-28.2,-160.74,-846.72,-12.55,5684.02,0.68,4442.36,-27.98,2203.15,3440.16,4.12,-15.33,-5277.91,-1.64,52.02,292.65,14828.64,249.57,5,-268.71,16.93,-1423.5,6,183.92,
-366.96,-100.68,64.3,-16.52,7934.16,Rest,4115.36,-134.15,Medium,479.73,-373.92,-278.78,-43.04,-186.36,-1827.26,-19.28,4025.55,-0.19,-2793.78,-49.02,1174.84,1725.22,0.27,7.38,-15470.48,-5.32,44.91,453.12,10185.42,363.27,11,-439.47,24.82,-1118.54,3,173.09,
-482.61,2852.97,1.2,-17.62,10168.5,Europe,3390.52,-29.65,High,369,29.64,-847.29,-26.56,29.52,-1369.22,-57.76,1233.38,2.56,-3237.44,-17.18,2669.11,2670.2,3.14,1.41,-12658.88,7,50.28,296.31,36126.52,198.24,6,-469.65,20.48,-1523.74,4,183.82,
-206.88,2074.38,7.06,-22.54,6515.1,Europe,3174.82,-61.94,Low,500.13,-258.72,-215.61,-37.28,-123.38,-1542.26,-34.98,4215.76,0.59,-4800.02,-22.46,1740.29,1665.72,2.96,28.11,-8210.03,-14.12,48.63,458.22,15671.04,182.43,4,-266.19,20.42,-2668.58,5,161.31,
-91.86,2913.48,1.02,-21.54,13898.07,UK,4879.34,366.26,Very low,485.7,-281.79,-513.02,-43.5,-115.34,-590.6,10.72,1361.66,1.3,-4885.46,-117.78,2261.56,1940.54,4.14,13.65,-9697.35,-7.88,52.32,284.28,19004.66,333.21,4,-309.06,19.14,-2030.3,1,187.26,
-173.19,392.61,32.92,-16.66,6527.64,Europe,3768.1,-62.94,Very low,251.01,-407.19,-647.28,-31.48,-96.68,-2232.1,14.26,-899.66,1.93,1301.8,-9.38,2290,2653.86,8.77,-9.33,-6755.77,-5.78,44.7,211.47,35448.04,310.68,5,-440.79,18.27,-1431.28,3,170.81,
-277.56,2101.44,9.9,-16.56,17894.19,Rest,4311.4,174.07,Medium,475.92,-280.41,-782.23,-32.9,-5.6,-1292.8,-60.75,5523.4,2.97,-16941.16,-203.16,1133.4,2894.7,4.41,-18.12,-17687.3,15.54,35.16,429.54,28705.74,277.89,6,-337.68,18.52,-631.1,3,165.31,
-317.55,1807.08,0.02,-31.1,14531.61,USA,3016.64,186.59,Low,499.74,-215.07,-656.2,-42.58,-163.62,-1225.54,-6.89,-202.77,6.07,-4041.44,-124.86,2961.43,2228.08,5.16,-22.95,-14761.53,-8.36,42.66,274.86,13436.08,206.7,7,-402.36,21.26,246.46,1,186.31,
-158.52,1275.18,82.2,-13.08,-18190.68,Rest,2897.28,521.17,High,473.52,-264.45,-771.97,-36.7,-82.88,-423.16,8.36,1001.28,6.2,-6435.82,-84.24,2682.51,3110.94,0.89,6.12,-9166.69,-11.64,45.69,67.98,21046.76,359.61,3,-341.46,13.25,-1697.96,3,215.97,
63.99,1951.56,0.64,-22.16,-988.02,Rest,3535.24,123.95,Very low,582.69,-265.98,-645.33,-30.06,-202.34,-1514.88,-68.45,4616.18,-2.06,-16343,-62.18,2582.55,2541.72,2.94,-12.06,-9759.92,-3.06,40.89,413.85,15887.28,337.92,4,-283.62,17.46,-1277.58,3,191.71,
-228.48,696.9,12.64,-19.64,3533.34,USA,3462.52,353.72,Very high,467.31,-281.31,-576.05,-46.82,-78.1,-1714.14,-28.62,5734.87,9.72,3415.34,-81.84,2327.18,2726.02,3.83,1.92,-11183.95,-9.2,52.95,352.86,20708.88,250.74,3,-135.96,22.6,-1887.38,3,230.57,
-182.94,1553.52,0.24,-20.2,6000.15,USA,3894.52,433.94,Very low,529.68,-539.4,-394.52,-34.76,-112.7,-1977.82,-19.62,2604.89,6.96,-4271.68,-73.94,2211.15,3012.54,5.6,-0.96,-5152.89,-9.56,66.27,189.6,20561.34,360,3,-299.85,19.05,-1546.62,8,170.71,
-225.42,1294.86,26.86,-34.4,3505.47,UK,4047.76,223.1,Medium,297.12,-276.99,-191.9,-33.06,-27.5,-1280.26,20.13,-4018.35,5.95,-8948.38,-47.76,2078.71,3407.86,5.77,-9.99,-9051.07,-26.2,40.56,324.39,28376.46,273.84,7,-235.44,20.11,-558.8,5,165.85,
-258.69,1181.67,0.12,-16.72,20100.75,UK,4011.62,821.73,Medium,476.88,-390.06,-302.38,-27.44,-97.16,-1626.16,-30.8,1736.65,12.22,-22258.92,-97.96,2033.55,1433.18,5.37,-12.57,-7701.89,-5.4,46.14,3.36,22742.04,232.53,4,-328.74,24.42,-1595.56,4,149.22,
-279.81,1121.55,5.98,-16.14,12117,UK,3213.9,-329.83,Low,510.72,-119.85,287.84,-43.58,-119.22,-2761.62,-8.36,4690.79,0.81,-16608.7,-76.96,1933.88,2980.54,4.06,-7.71,-11677.6,-9.82,56.58,371.4,28427.2,276.33,4,-317.04,17.85,-954.92,1,198.13,
-229.5,1213.59,66.22,-14.58,6153,UK,3200.94,80.44,High,703.71,-371.97,-123.83,-26.84,0.24,-1696.26,-34.36,-2506.19,2.1,-10053.02,-36.08,2142.19,2869.52,2.21,2.52,-10219.84,-16.08,26.73,412.83,25948.78,240.06,1,-398.97,22.51,-1461.94,7,137.89,
41.52,2070.75,0.22,-18.7,6900.12,Europe,3922.46,-27.16,Low,239.97,-135.45,-916.98,-37.22,-92.94,-1661.6,-39.35,-1265.32,1.32,-5912.76,-26.2,2461.24,2599.38,3.19,-7.5,-4962.93,-6.72,52.68,277.8,32770.96,217.26,6,-463.86,19.35,-1078.06,3,191.26,
-241.53,2491.65,0.14,-33.64,8398.68,Rest,3323.74,-117.12,Very high,425.73,-71.97,66.32,-33.96,-154.3,-2146.98,-34.7,7050.83,0.6,-5654.44,-64.26,2354.6,3511.24,4.68,-9.48,-11816.16,-9.02,52.8,114.27,21127.26,-18.3,2,-274.83,21.57,-927.16,3,183.06,
-433.62,1293.09,547.62,-16.46,1797,Rest,2190.18,340.57,Low,628.23,-512.7,-362.3,-33.14,-105.42,-2501.36,-13.47,-1566.05,3.24,798.56,-70.12,2692.7,2150.02,5.66,-19.14,-5328.81,-6.1,22.44,373.35,20095.2,292.62,4,-241.8,10.05,-2290.08,6,61.41,
-233.79,1611.3,0.28,-17.06,13867.2,Rest,3956.24,1237.31,Very low,258.51,-272.61,-1117.01,-39.6,-94.6,-1159.8,16.95,3156.84,1.94,-8970.26,-33.8,2532.2,3234.04,0.74,-12.27,-14875.2,-16.84,46.83,289.65,24338.58,144.06,5,-246.84,14.43,-1703.48,4,179.48,
-203.25,368.46,4.9,-13.22,2663.25,Rest,3089.96,-300.66,Very high,46.11,-273.21,-782.52,-29.88,-80.88,-447.4,-31.96,-2829.13,1.8,-5510.44,-56.16,3784.3,2064.84,4.39,-28.32,-6046.82,-18.86,33.15,113.13,24436.68,184.38,4,-418.5,19.19,-2602.68,6,124.56,
-139.2,2686.32,0,-33.22,8240.4,UK,4265.04,-10.23,Medium,457.83,-131.4,-840.44,-38.22,10.64,-1124.82,-55.03,7212.65,6.47,-12333.4,-96.84,2607.78,2369.9,2.54,-16.56,-7783.23,-6.36,48.39,236.31,14153.26,291.6,6,-246.51,17.43,-57.72,4,194.77,
-204.09,1305.99,4.76,-16.18,-12462.06,Rest,3604.88,-172.53,Very high,559.08,-154.23,-611.91,-36.6,-19.46,-2048.52,81.82,6288.27,0.71,-14459.22,-103.34,2931.73,3228.3,5.83,-32.07,-12189.94,-5.38,51.09,38.85,24141.76,212.49,1,-483.15,19.38,-1016.6,6,134.3,
149.04,2018.61,318.36,-18.54,6033.75,USA,3819.94,9.24,Very low,479.7,-309.33,-481.71,-36.58,-27.48,-1409.26,-7.46,-2386.93,2.01,-3615.3,-140.02,1883.73,3289.06,0.99,-14.19,-7907.22,-4.42,20.28,215.64,20318.98,175.32,2,-207.57,21.75,-720.4,4,206.99,
101.91,1328.76,5.96,-18.76,12297.96,Rest,3350.3,-35.42,Very high,472.35,-513.06,-691.8,-31,-70.54,-1056.7,13.04,347.29,0.05,-11192.18,-37.32,2244.14,2613.46,4.9,-4.8,-15444.17,-2.06,44.94,268.89,18735.94,114.27,2,-406.86,20.74,-1494.38,4,152.79,
-184.68,1065.99,0.08,-14.5,11246.1,UK,3593.9,357.99,Very high,493.38,-183.3,-535.96,-50.82,38.18,-2482.2,-26.23,2326.05,1.35,-22755.66,-92.84,2573.96,2330.72,8.94,-16.17,-16803.68,-0.54,29.49,172.71,19814.68,159.63,2,-164.97,13.11,-897.34,6,168.15,
-285.54,286.86,5.14,-17.7,21659.82,Rest,4034.5,190.19,High,300.87,-196.02,-135.62,-34.04,-47.34,-1360.26,6.21,-1071.66,2.97,-6571.62,-51.8,2600.72,2436.14,10.95,-4.2,-2603.13,-10.16,48.51,5.94,9773.88,108.54,4,-374.52,12.55,-1439.56,4,164.61,
-230.61,1114.86,3.72,-19.3,8912.58,USA,4546.24,-168.37,Low,451.47,-188.34,-86.7,-28.02,-112.5,-1642.22,-11.89,3584.33,7.91,3976.18,-110.78,2078.77,3866.1,2.17,-9.06,-11295.32,-18.86,40.11,180.69,31491.14,159.45,4,-263.64,19.34,-1739.02,2,175.25,
-244.17,1697.13,4,-23.28,8154.48,Europe,3789.9,-223,Very low,548.61,-124.77,-1274.43,-41.08,-183.96,-1960.62,-59.32,-1198.43,7.37,-7580.12,-148.54,2144.21,2053.28,3.7,-12.48,-13595.31,-12.56,37.26,296.82,31834.14,185.79,3,-256.86,24.7,-2262.8,5,203.15,
-425.58,2605.47,0,-12.88,-9526.56,USA,2678.14,206.39,Very high,581.01,-662.7,-704.1,-22.16,-89.5,-1721.1,-53.07,7590.13,2.01,-7891.44,42.3,2341.47,2720.56,1.01,-5.34,-10646.86,-7.26,41.97,252.39,19197.42,153.06,1,-373.35,19.68,-1063.98,6,302.21,
-208.68,-806.67,8.8,-18.02,8919.72,USA,3101.18,-81.07,Low,433.71,-141.66,-339.98,-37.52,-23.36,-1841.36,-2.26,4729.54,4.03,-11966.22,-125.56,2194.5,1945.52,7.75,5.97,-10333.27,-6.76,12.12,393.9,29359.22,363.87,6,-487.2,28.68,78.44,2,232.27,
-215.22,1435.26,13.92,-16.72,18129.36,UK,2858.76,354.49,Low,426.81,-251.64,-725.91,-10.9,-134.4,-2002.76,13.89,1704,7.41,-5436.66,-63.08,2791.4,1772.26,5.96,11.31,-6157.59,-33.76,44.46,306.24,9734.26,395.61,5,-285.36,19.37,-1543.18,3,151.48,
-218.76,1759.08,0.68,-16.42,8548.71,Europe,2594.14,220.01,Very low,751.62,-57.54,-306.68,-36.16,-123.16,-1281.82,-3.05,1092.7,6.14,-8114.18,-104.22,2045.71,2514.4,5.66,-10.92,-11999.28,-21.3,47.55,255.84,23442.48,345.87,5,-323.4,12.3,-1002.6,9,173.23,
-256.08,1549.14,64.92,-13.12,-755.22,UK,4336.88,-130.86,Medium,533.4,13.89,-1167.97,-36.12,-131.94,-956.22,-10.55,3464.74,4.71,-10131.4,-43.7,1409.05,2314.14,2.55,-8.13,-8548.17,1.9,51.39,333.93,19461.52,165.48,1,-314.79,15.08,-1616.08,4,116.28,
15,1975.56,0.06,-34.68,10247.61,UK,3760.08,90.86,High,386.88,-350.16,-268.93,-42.02,-1.24,-1518.06,-19.31,1988.06,5.68,-10157.9,-25.4,2048.77,3003.86,5.91,-10.83,-5969.69,0.44,55.14,307.56,21965.94,245.04,5,-213.87,16.35,-2581.64,2,173.46,
-238.53,2805.78,161.32,-17.12,-3621.33,Europe,3938.32,43.43,High,480.54,-257.13,-519.15,-41,2.12,-2330.5,-51.87,5595.31,4.86,-1557.94,-57.9,1670.08,3114.64,1.1,-3.66,-12911.63,-3.52,46.95,440.01,24097.32,206.91,5,-178.29,14.31,-846.52,4,131.91,
-327.78,1014.06,0.6,-23.94,10555.29,UK,3517.52,-117.03,Very low,705.45,-550.56,-487.46,-36.1,-89.34,-2587.98,-30.43,-1863.6,6.51,-8605.94,-118.14,2312.25,3106.86,1.2,-1.83,-12683.85,-8.44,89.88,304.08,25372.58,791.76,2,-370.26,18.49,-1795.16,2,188.31,
-167.88,2644.62,0.34,-20.56,23597.55,UK,3880.56,-258.39,High,357.78,-215.79,-88.96,-43.62,-106.68,-1170.06,-29.95,2803.09,2.08,-1786.12,-146.12,2663.33,2483.52,4.75,-5.31,-6886.55,-10.2,34.32,269.97,16681.22,464.07,5,-469.92,16.94,-1086.9,5,203.63,
-117,1860.57,0.62,-17.5,21132.66,UK,2992.2,-138.77,Very low,745.23,-297.66,-86.85,-30.66,-95.98,-3113.44,9.18,-1174.6,7.87,-15322.8,-109.34,2229.71,2694.98,2.64,-5.01,-7228.68,-3.48,31.56,358.41,13406.26,311.61,6,-331.53,17.34,-1074.62,5,83.55,
-203.34,2662.38,35.62,-16.58,991.56,UK,3213.16,-457.64,Low,642.81,-431.67,-667.67,-43.28,-12.82,-1558.58,-40.82,2885.34,5.92,-12692.24,1.96,1611.14,2041.96,2.69,-23.91,-11989.7,-11.96,42.96,346.92,18001.36,252.66,5,-309.42,19.44,-560.2,6,178.75,
-300.21,3034.32,0.02,-17.2,-2526.51,Europe,3409.78,425.25,High,686.52,-256.02,-494.05,-43.3,-146.78,-2450.72,-118.78,-582.28,2.57,-1922.76,-145.36,2571.01,1846.74,1.99,1.35,-5381.39,-9.62,41.73,142.89,17896.08,326.88,6,-295.38,17.77,-1713.8,3,83.48,
-491.85,1035.84,1.18,-14.56,4302.27,UK,3947.02,-83.27,Medium,392.25,-170.91,-754,-41.8,-77.1,-1501.44,-23.95,-2864.72,4.67,-3187.18,2.42,1823.2,2686.22,1.01,-26.7,-10199.76,-16.06,32.52,235.11,19540.66,294.27,2,-296.22,28.83,-2154.98,4,186.55,
-287.28,1363.5,0.52,-17.82,5179.29,Europe,3998.88,-165.18,High,532.71,-212.7,-586.76,-36.86,-48.62,-1143.58,-26.32,5417.67,3.06,-8958.02,-78.58,2553.58,2097.18,5.3,-4.74,-5729.47,-20.64,31.77,407.1,25600.1,221.28,2,-366.15,19.53,-2718.16,4,190.08,
-217.92,1741.2,26.16,-20.48,13929.9,Europe,4110.46,267.97,Low,500.31,-268.56,-1008.36,-40.82,-48.5,-1076.96,-34.05,2243.48,-2.2,-3788.54,-96.48,3086.77,3570.34,3.66,-5.55,-11656.24,-11.76,78.54,368.55,21975.34,29.55,4,-330,20.56,-1612.56,5,180.35,
-245.31,1209.33,8.32,-14.54,-2574.39,Europe,5519.76,-159.67,Medium,563.55,-310.02,-331.76,-31.9,7,-730.46,3.35,1868.61,13.81,-3863.56,-69.84,2734.48,2486.94,0.5,-4.47,-10724.37,-5.88,37.86,285.09,24728.02,183.87,3,-150,9.89,276.1,3,168.95,
-160.44,1516.02,0.78,-19.52,8697.96,USA,3055.5,-480.47,Very low,558.24,-252.42,-728.48,-39.88,-6.5,-1373.86,-50.87,939.61,-0.09,-10491.12,-150.64,2546.89,2154.84,1.67,6.06,-13854.08,-8.4,45.54,261.87,26557.76,218.7,4,-443.1,14.82,-1321.36,2,78.87,
-603.78,1694.04,0.28,-18.48,-547.2,UK,3752.84,70.01,Low,515.76,-324,-412.97,-42.5,57.36,-1491.64,-37.53,2986,7.48,-7320.2,-158.22,1946.06,2943.48,2.73,-3.63,-5488.47,-2.94,42.15,342.57,23263.14,230.13,5,-446.73,11.76,-1111.72,4,175.99,
-349.83,698.64,0.82,-14.8,7030.59,USA,4875.3,141.49,Very low,435.96,-239.76,-1097.37,-35.86,-122.14,-1307.2,-17.96,2347.65,-0.36,-1439.16,-124.98,2113.68,2162.24,2.67,-15.66,-8881.54,13.6,61.59,379.26,19953.74,249.42,2,-329.28,18.35,-1276.68,5,180.59,
-231.9,2221.62,15.84,-13.52,-6101.49,Rest,4081.5,289.28,Very high,511.17,-259.38,-424.43,-45.46,-1.86,-1774.6,-11.34,3729.21,2.23,-5422.04,-92.52,2888.88,2159.2,7.3,-6.36,-8454.49,-4.62,64.38,219.42,23593.22,226.08,3,-451.53,32.3,-1667.76,2,108.6,
-565.17,1218.57,5.06,-13.52,15541.86,UK,4053.2,58.25,Low,585.33,-225.84,-401.43,-33.78,2.96,-1180.98,24.38,519.86,4.32,-18665.46,-72.78,2209.22,2623.88,5.71,-11.94,-10027.09,-8.86,21.96,454.68,23731.78,249.99,5,-272.88,20.87,-1798.66,4,194.52,
-34.59,3660.93,43.52,-18.58,8816.04,USA,2922.86,268.32,Very low,476.43,-335.46,-773.43,-48.4,-45.96,-1232.52,-9.28,3686,5.83,-9609.54,-247.1,2553.29,2050,3.72,-9.27,-7062.09,-6.46,51.81,334.89,19356.16,48.48,5,-456.24,27.37,-2280.84,8,104.33,
-228.09,1463.13,0.08,-19.56,16007.25,USA,4258.16,330.29,Medium,323.52,-256.92,-338.19,-39.14,-100.08,-1171.96,31.87,-1889.11,5.19,-12252.14,-64.62,2162.61,2196.44,3.11,11.52,-8601.09,-9.78,54.15,288.81,25093.56,244.74,4,-118.08,20.04,-1701.48,2,172.14,
17.79,1878.33,157.44,-22.88,-4084.98,USA,4655.1,84.86,High,610.5,-228.3,-656.77,-52.42,-131.2,-1698.02,-1.88,5302.6,1.52,-11135.56,-189.82,2383.76,2853.92,5.05,-9.48,-5710.28,-4.52,40.14,302.91,19323.28,311.76,3,-367.17,16.31,-2086.28,3,122.47,
-207.84,1013.61,0.62,-17.18,20959.17,USA,3261.5,486.12,Very high,428.4,-392.07,-291.01,-38.14,-68.66,-1279.82,-20.39,2428.9,5.92,-7320.22,-129.3,2462.75,2529.42,6.93,7.23,-3838.12,3.86,43.29,286.26,18285.12,356.64,5,-381.39,24.08,-1960.92,2,166.01,
-290.4,1916.91,6.3,-24.96,20198.49,USA,4753.36,-186.5,Very low,176.67,-377.97,-744.75,-36.6,63.94,-1415.42,-17.25,7448.04,1.73,3512.08,-152.16,2937.99,2050.58,1.42,-4.62,-7834.95,-5.04,40.53,750.99,25866.44,281.46,2,-378,4.88,-664.52,8,143.54,
-4.92,1430.37,129.02,-19.2,4888.47,Rest,3051.36,307.45,Very high,635.37,-256.17,-748.21,-34.88,-23.34,-799.68,-30.89,7315.64,1.97,-1347,-77.72,2537.58,2689.6,0.87,-40.35,-10862.98,-5.72,37.65,318.12,22242.78,206.64,4,-372.54,17.27,-1339.88,4,199.35,
-213.03,3640.92,210.6,-21.76,-279.39,Rest,2158.78,494.38,Medium,440.25,-219.75,-222.28,-48.76,-48.56,-1133.04,27.61,170.62,-1.88,-10199.26,-107.56,2232.06,2372.94,1,5.25,-4338.39,-4.84,50.91,276.39,39410.1,139.86,5,-377.55,19.48,-1762.34,3,222.11,
-293.85,1012.56,0,-21.68,9034.68,UK,4165.72,-190.75,Very low,618.84,-8.19,-142.24,-32.58,-121.1,-750.08,-59.79,2591.55,6.41,-5223.6,-130.86,2715.4,2226.66,2.5,-5.22,-12952.98,-5.44,54.87,401.25,28378.84,373.59,3,-306.57,19.27,-1441.98,3,165.98,
-244.89,1809.51,0.22,-22.34,-2470.77,USA,3924.52,106.03,Medium,444.96,-86.16,-62.28,-34.96,-169.62,-1782.48,-32.5,6386.94,-0.48,-11332,-238.4,2371.08,2497.38,2.11,-16.35,-8782.46,-9.68,18.63,365.52,26628.92,215.76,3,-354.06,22.95,-1117.16,5,168.03,
-235.77,552.24,792.74,-23.62,-5958.69,USA,218.62,-171.21,Medium,758.52,-290.16,-891.14,-37.46,-101.72,-1346.16,-37.43,581.39,5.87,-7901.84,-207.22,1574.36,2305.28,5.3,-10.17,-7242.73,11.62,58.05,453.66,16389.4,455.97,7,-304.8,20.68,-1463.56,5,182.54,
-430.56,1619.31,0.24,-17,20292.03,Europe,3911.5,207.57,Low,511.98,-253.5,-1048.74,-42.2,-10.54,-1923.54,-18.56,-2317.29,2.33,-13572.34,-197.56,2406.23,3276.44,6.17,-3.75,-13657.79,-7.38,46.47,230.94,22736.34,327.39,5,-224.25,18.59,-1880.96,3,145.5,
-799.71,1090.26,0.36,-18,9650.67,Europe,3787.72,88.88,Very high,516.18,-160.29,100.61,-37.08,-147.46,-2119.4,-68.21,-1035.78,10.33,-3744.88,-77.76,2223.81,2503.22,2.16,0.72,-11927.04,-5.34,66,303.45,25498.12,185.7,4,-423.18,16.42,-1307.94,3,162.73,
-171.3,476.28,44.64,-24.96,6381.81,USA,3643.74,-124.69,Very high,384.27,-380.85,-905.76,-28.64,-111.46,-1530.94,-21,-2339.21,2.32,-4759.72,-97,1000.83,1872.8,4.96,-11.94,-18194.35,-2.86,49.41,186.48,25986.84,158.19,0,-318.93,20.14,-1474.3,6,171.09,
-367.98,3010.68,0.14,-13.72,4691.37,Rest,3493.68,-492.8,Low,436.62,-255.39,-943.84,-37.06,-93.94,-1899.52,-51.33,6816.25,3.28,-5253.84,-123.96,2357.01,3162.28,4.7,-24.27,-10202.17,0.28,42.45,301.56,22698.14,224.25,5,-301.74,21.08,-966.08,3,156.24,
-161.67,2319.9,0.14,-28.36,22098.36,Rest,3371.84,567.45,Medium,446.37,-200.55,-611.08,-31.2,-66.72,-393.5,-30.8,4018.73,5.91,-3882.16,-49.74,2109.76,2850.38,4.61,15.06,-5425.94,1.86,59.7,424.17,12601.78,439.35,5,-313.14,19.63,-1379.28,3,221.19,
-309.48,1491.93,0.02,-17.24,23221.41,Europe,4448.42,156.73,Very low,362.19,-221.28,-331.63,-33.64,-75.96,-1759.56,-50.64,4260.86,4.28,-11210.18,-156.08,2873.83,2617.12,3.41,-17.25,-7126.22,-31.28,35.61,338.55,20505.5,142.08,4,-426.93,22.44,-1095.24,5,140.68,
135.21,893.73,729.3,-24.48,-3227.07,USA,5142.02,393.34,Medium,427.5,-330.03,-704.28,-38.08,-50.34,301,-7.56,401.81,0.77,-1171.28,71.48,2292.58,1953.76,2.6,-27.42,-4648.1,-9.36,57.09,246.72,13170.68,202.89,5,-282.84,19.17,-1262.02,4,197.32,
-357.33,2724,0.18,-20.32,11339.52,UK,4108.94,615.12,Very high,408.75,-253.05,-610.29,-36.1,-169.62,-2107.44,-28.66,2838.1,3.95,-8256.14,22.88,2303.26,2641.34,1.22,-5.85,-8924.41,-11.26,40.92,359.46,22027.92,194.01,9,-167.97,19.99,-1727.4,2,177.14,
-581.28,881.16,79.46,-15.06,-2457.06,USA,3516.7,-265.44,High,457.26,-326.73,-1056.77,-31.4,90.46,-1263.92,-42.83,-834.23,2.88,-13245.34,-109.96,2037.26,2748.04,1.87,1.86,-10854.01,-3.32,54.24,311.58,14369.4,250.77,1,-418.83,19.01,-1585.04,7,161.37,
190.29,1448.46,9.02,-14.78,1170.81,Europe,4303.92,164.68,Low,506.1,-367.47,-662.05,-41.06,-159.48,-1851.52,-1.94,-1080.85,3.34,2475.26,-141.02,2336.77,2892.7,2.63,-6.09,-12456.38,-0.3,27.66,339.93,23237.92,214.74,6,-238.83,19.85,-740.62,6,150.23,
-331.74,338.49,0.64,-27.32,-3608.01,USA,3278.98,-242.12,Very low,591.09,-275.28,-426.57,-58.66,-20.76,-1438.76,-22.01,-258.86,8.71,-3368.28,-125.86,2669.2,3063.12,4.64,-12.39,-7481.76,-15.4,53.13,-171.69,14553.76,301.2,4,-215.76,18.97,-190.24,6,264.46,
-310.17,1856.52,0.06,-15.88,15832.62,UK,3499.7,88.42,Very low,684.57,-285.24,-397.77,-38.14,-32.08,-2220,-52.43,1546.08,2.16,-9862.34,-41.7,2620.43,2576.94,3.38,-3.93,-4184.25,5.94,66.03,579.42,35346.98,431.16,2,-141.39,14.82,-1748.96,4,85.17,
-184.77,371.58,12,-13.88,14535.54,UK,4404.62,367.51,Medium,-229.2,-287.1,-1171.51,-36.32,-94.92,-2209.38,-7.85,1073.57,0.14,-7491.68,-102.24,3106.24,2511.26,1.61,-32.91,-5559.28,-22.6,46.05,311.91,24378.5,350.22,3,-227.19,23.01,-674.48,5,161.41,
-183.96,2188.32,0.08,-13.46,1490.55,UK,2959.2,123.59,Medium,317.52,-127.23,-620.3,-40.06,-6.08,-1437.76,16.3,865.82,4.44,-7965.02,-58.56,2009.66,2742.6,1,-26.04,-4184.52,-3.62,50.4,468.51,21089.66,-21.42,2,-219.72,20.61,-1471.04,5,142.86,
-195.96,1208.73,3.34,-23.66,-11124.45,Europe,3817.86,-93.94,Low,353.97,-69.84,-588.23,-29.18,12.6,-1987.44,-38.38,6049.37,4.22,-1057,0.84,2279.51,2650.56,3.5,-10.35,-10555.03,-4.78,55.74,281.85,18442.08,156.84,2,-277.71,22.71,-2553.92,5,146.77,
-171.63,2053.08,37.74,-22.48,8868.99,Rest,5955.32,93.97,High,620.85,-259.2,-625.91,-35.48,-187.18,-1794.98,4.55,-1022.04,4.94,-7030.02,-86.9,2514.83,2290.58,0.84,-3.93,-8101.02,-4.12,34.5,386.34,15251.24,436.74,5,-303.3,19.92,-1809.18,5,127.58,
22.41,1803.18,0,-18.04,7673.07,Europe,2356.8,55.68,Medium,423.12,-168.42,-725.47,-35.72,-10.06,-1747.98,-19.81,2718.76,5.4,-13883.42,-57.38,2524.19,2251.66,1.04,8.55,-8920.69,-10.74,36.72,305.91,27460.18,245.91,4,-357.03,4.15,-1880.9,2,149.95,
107.97,2035.83,10.96,-16.4,-738.03,Europe,2780.82,66.82,Medium,279.15,-108.21,-145.33,-21.56,-98.92,-2312.28,-43.52,7677.15,1.25,-11766.12,-98.84,1718.42,2645.62,3.2,5.07,-12606.53,-5.46,55.98,94.62,28350.14,263.25,5,-310.71,16.6,-1567.68,3,239.88,
-361.86,2028.54,9.82,-16.66,20158.53,Rest,3204.36,227.2,Very low,522.3,-352.2,-705.67,-46.16,-69.54,-1566.34,-50.93,-3586.91,4.03,-10037.54,-146.88,2632.69,2978.82,9.88,-13.14,-13812.16,-11.54,51.48,192.69,13622.96,750.84,5,-607.71,24.61,-1903.58,6,181.34,
-322.98,854.7,0.02,-19,9904.59,Europe,4454.44,-486.96,Very low,459.72,-181.08,-217.62,-30.92,-206.08,-1979.36,-53.23,74.88,5.82,-9554.4,23,2522.06,3250.98,4.54,-15.72,-6699.25,0.56,11.97,324.15,24950.64,410.88,3,-237.27,20.77,-1881.9,5,182.41,
-403.2,2472.81,4.18,-16.94,10971.45,USA,3956,350.45,Medium,489.75,-164.88,-646.44,-37.92,-67.32,-513.28,-10.49,-3286.29,-1.63,-3910.92,3.4,2435.06,2509.88,1.98,-3.36,-15823.14,7.58,51.39,348.93,17747.32,-291.63,5,-263.61,19.02,-1758.6,6,181.34,
-273.45,1288.92,4.3,-33.86,10431.78,Rest,3067.7,210.64,Very high,665.16,-292.47,-489.01,-31.94,-55.04,-1604.26,17.91,1411.35,8.39,-3989.06,-182.84,1916.41,3866.82,4.95,-7.62,-9577.04,-4.26,30.63,292.23,14406.16,381.69,4,-201.03,21.38,-1002.7,3,146.45,
-244.47,1517.88,0.06,-17.96,19655.64,UK,3328.52,205.66,High,448.35,22.29,-541.37,-12.96,-49.96,-1815.2,-36.61,-1818.95,5.36,-18964.16,-93.66,2300.42,3188.12,1.5,-23.22,-9890.77,7.9,45.66,250.14,21562.68,350.79,7,-240.27,19.54,-758.76,8,271.72,
5.58,2048.73,17.36,-14.02,25755.9,USA,2874.46,331.03,Very high,537.66,-316.68,-278.87,-38.18,-9.6,-1251.32,12.47,643.32,1.74,-403.98,-92.94,2245.75,2454.18,3.45,-6.84,-12560.38,-8.16,49.38,524.94,11409.9,206.49,5,-279.36,18.2,-2489.4,5,172.31,
-239.88,1476.12,0.82,-17.52,2801.43,Rest,3069.72,-612.94,Medium,338.16,-146.28,-768.9,-33.46,-102.42,-1306.52,-40.88,3480.82,1.17,-467.38,-125.32,2354.97,2326.62,1.45,-5.82,-16397.14,-18.16,42.84,268.32,9760.04,229.5,9,-376.65,11.84,-1121.26,4,256.72,
-169.32,1240.38,0.84,-13.96,-9392.61,Europe,4528.32,-20.95,Very high,508.14,-258.45,-396.18,-22.7,-130.24,-1085,-51.99,5356.03,4.75,-2170.7,-37.98,2407.44,3361.88,1.01,21.03,-12898.21,-6.68,11.73,91.86,22230.48,271.77,3,-374.37,21.18,-1287.48,3,165.93,
-238.89,1456.59,2.42,-13.6,7422.48,Rest,5020.58,401.82,High,369.36,-306.15,-369.67,-33.34,-72.08,-2303.82,-16.85,3253.11,2.29,-3512.52,-49.44,2348.93,2534.38,4.4,-24.72,-5671.82,-10.52,51.6,456.3,26257.84,320.4,6,-450.69,22.63,-1566.84,3,175.76,
-188.13,2607.39,0.58,-17.54,-3101.82,Rest,5400.98,-331.74,Medium,551.16,-267.72,-12.86,-38.18,-83.62,-1421.72,-4.32,4469.3,6.4,-11154.56,-93.9,2788.37,1814.44,1.27,-6.6,-15047.95,-10.98,48.78,517.14,23159.6,247.41,5,-180.6,24.71,-1344.56,5,283.32,
99.39,1668.81,3.68,-21.24,4808.4,Rest,4222.6,8.82,Low,424.44,-229.47,-748.98,-37.7,-48.62,-2681.78,42.55,3728.69,3.84,-16044.96,-197.34,2552.32,3140.64,5.18,-0.84,-7881.79,0.38,39.93,372.27,24838.84,320.1,3,-172.35,22.47,-1514.98,4,171.37,
-169.92,919.44,0.08,-25.24,385.23,UK,4478.06,-127.72,Low,390.09,-164.82,-1046.94,-30.74,19.86,-1407.92,-14.23,-461.44,4.99,-9326.46,-37.2,1777.78,2848.66,1.75,-24.75,-4443.19,-10.7,59.94,306.9,26002.32,231.39,2,-135.87,6.33,-887.64,1,208.42,
-240.36,2616.75,13.22,-13.4,-7256.55,USA,3451.82,600.03,Medium,421.56,-102.69,-477.81,-32.22,24.14,-1578.42,7.78,3275.43,0.31,-6878.72,-186.26,2262.96,2676.68,0.32,-8.16,-12328.42,-13.54,38.46,344.4,26445.76,331.77,6,-345.36,18.45,-1631.46,4,185.23,
-369.09,1496.4,30.78,-15.92,19509.27,Rest,4548.12,-70.44,Very high,228.93,-193.53,-336.04,-40.04,24.86,-2005.06,-38.25,10315.7,4.24,-17058.68,-122.34,2494.19,2549.88,1.98,-1.17,-4375.9,-5.38,33.24,198.66,17453.78,338.28,3,-390.66,18.67,-1572.86,7,290.48,
-240.78,2365.74,1,-20.48,2721.99,Rest,2866.02,126.28,Very low,826.05,-379.26,-551.16,-46.86,-43.62,-1947.52,-20.88,-31.07,4.28,-747.58,-172.2,1892.94,2344.7,4.06,-8.58,-8649.24,-18.34,45.69,367.65,17412,266.31,2,-455.52,24.6,-1040.84,1,178.67,
-164.49,2106,12.44,-32.26,21624.45,USA,4776.62,-431.61,High,499.02,-269.79,-383.14,-39.28,-66.48,-273.1,-6.68,6420.8,1.56,-12735.36,-179.3,2103.93,3041.4,3.08,-21,-12054.72,-4.34,47.01,68.82,26101.48,218.7,7,-256.26,21.78,-1616.34,2,138.23,
-273.12,318.63,28.3,-19.64,12872.7,Europe,3912.7,439.95,High,525.75,-249.33,-737.26,-43.12,-163.7,-1066.2,-46.71,-1679.65,3.01,-117.64,-56.38,2686.89,2826.92,2.06,-12.39,-9807.51,-3.46,47.79,279.39,23853.26,222.57,3,-287.52,19.38,-2189.48,2,155.49,
-30.48,3102.78,54,-15.76,6400.23,Europe,4057.58,-19.1,Very low,245.76,-454.14,-882.63,-31.76,-74.78,-2055.78,-33.91,1787.41,6.88,-12474.12,11.32,2967.28,2217.72,1.96,3.42,-7990.03,-6,48.48,282.12,13415.54,220.05,3,-388.08,20.33,-714.06,5,116.83,
-243.66,-42.36,0.04,-13.62,10742.67,Europe,3847.02,92.22,Very high,532.2,-258.87,-308.07,-41.58,-42.04,-2358.58,-28.5,2140.29,1.32,-7398.62,-73.8,2662.19,2090.12,2.28,-6.48,-8618.73,-27.38,56.73,318.03,25998.86,292.05,5,-323.58,18.29,-594.42,3,171.24,
-145.08,2236.98,1.16,-13.2,19970.58,Rest,4065.52,-280.5,Very high,597.63,-191.79,-329.96,-43.08,-139.4,-1406.06,8.42,-1405.56,5.53,4788.16,-165.96,1980.11,3163.78,4.43,-8.58,-3756.99,-13.54,69.24,233.94,17085.28,302.73,4,-510.48,20.11,-1555.38,4,197.13,
-152.85,3562.38,3.1,-17.66,17968.59,Rest,4070.64,-281.53,Low,444.84,-176.46,-329.03,-50.56,-109.48,-1257.02,5.77,3167.56,-0.12,-10610.3,-73.96,2378.51,2335.36,5.9,12.75,-11652.73,-14.04,45.33,278.16,23171.06,379.08,1,-250.86,23.68,-453.52,4,195.75,
-296.16,2498.13,0.64,-19.04,7184.97,USA,3789.8,360.34,Very high,498.33,-208.02,-351.16,-30.94,-206.02,-1657.4,-11.7,2285.74,0.41,-9701.76,-62.72,1883.35,3181.08,10.15,-7.8,-4569.09,-5.06,60.96,-71.82,31988.88,241.17,1,-409.89,18.96,-1454.1,5,160.41,
-225.36,2355.63,0.5,-16.64,-4049.7,Rest,4825.34,327.97,High,478.29,-182.64,-331.92,-42.14,-71.08,-2082.78,30.79,5081.96,1.05,102.72,-171.86,2451.74,2598.22,6.57,-10.23,-9049.78,-6.82,39.51,253.86,26750.56,277.2,5,-507.33,19.24,-1549.3,2,177.45,
-284.13,856.95,1.72,-18.34,-78.81,UK,1936.16,87.49,High,550.38,-203.25,-178.24,-49.42,-17.72,-829.44,-0.7,3855.2,4.76,-15099.56,-77.3,2338,2797.06,2.41,1.83,-9586.64,-5.78,49.95,305.01,27516.16,295.74,3,-366.69,24.04,-2138.62,0,181.88,
-182.61,3337.68,0.04,-13.02,20512.11,Rest,3128.42,-9.62,Very high,495.81,14.28,1.64,-34.4,-93.32,-1768.74,-57.97,4363.41,1.31,-16354.72,-35.84,2209.53,3524.56,1.7,-6.66,-11975.13,-0.66,60.15,301.08,18349.68,279.99,5,-304.32,21.55,-2462.98,2,165.44,
105.45,2102.34,8.02,-23.08,8701.59,USA,4041.32,492.12,Very high,488.82,-370.8,-699.79,-28.16,-52.54,-2051.9,-16.35,5037.74,1.29,-12070.3,0.56,2392.29,3499.8,6.21,4.71,-6780.31,-10.12,38.67,237.9,30051.56,76.98,6,-401.64,18.13,-1285.78,4,168,
-248.28,1440.96,35.32,-19.44,13780.17,Rest,3906.02,409.49,Very high,507.6,-311.46,-835.85,-55.5,-69.36,-1653.18,6.03,3432.9,3.18,-1412.86,-69.34,2900.46,3078.52,8.91,-21.21,-6128.94,-9.54,50.19,388.2,13217.2,155.16,4,-248.49,16.27,-1257.82,5,258.07,
-55.29,1742.19,8.86,-15.74,754.65,Europe,3049.48,462.23,Medium,302.82,-41.61,-506.51,-31.74,-82.44,-2941.28,-21.83,903.57,2.42,-8729.58,-93.62,2431.34,2352.94,11.99,-10.86,-8109.52,-11.04,47.88,170.82,24222.24,151.5,7,-342.63,26.58,-1028.64,3,169.97,
-315.18,2179.41,127.46,-13.28,97.77,UK,3924.36,-438.19,Low,525.24,-136.83,-329.93,-37,47.02,-1294.34,-37.54,5573.06,-1.38,-3893.5,-126.44,2038.93,1754.52,0.71,-10.05,-7929.97,-7.78,43.44,246.27,16584.64,171.9,6,-361.56,18.42,-1487.04,2,102.16,
-257.97,3420.66,0.06,-16.04,-7099.17,Europe,3699.94,-389.5,Low,332.79,-284.61,-510.94,-31.8,-49.24,-1903.06,-54.16,4395.74,1.75,-4067.82,-30.64,2124.81,2600.16,14.36,-19.26,-4665.45,-11.16,53.04,166.23,18300.08,191.07,5,-171.63,18.33,-1738.88,4,164.06,
-312,1598.31,12.66,-14.98,-3185.37,USA,3897.96,-175.94,Low,512.07,-400.71,-453.31,-35.58,-96.6,-1537.18,-11.37,3825.69,6.16,-5068.72,-58.58,1730.18,2269.5,10.66,-20.58,-13939.46,29.5,43.8,474.45,24845.1,430.26,4,-246.99,20.35,-224.78,6,296.06,
-318.3,893.85,0.72,-19.7,11357.61,USA,4253.06,173.39,Medium,338.46,-231.24,-698.14,-30.68,-84.34,-1566.4,-12.26,2197.31,5.38,-11642.4,-111.94,1992.33,2887.24,2.78,13.44,-7921.94,-3.28,45.21,363.3,19426.86,30.99,2,-194.4,20.01,-1802.5,4,164.16,
-210.78,1506.24,12.12,-25.56,13910.85,Europe,3708.6,18.05,Very low,476.07,-277.14,-571.03,-37.86,-7.18,-1352.14,-54.03,4647.21,5.96,-9139.1,-45.46,2401.15,2607.36,3.36,-10.98,-6449.75,-13.02,43.65,232.29,16461.6,245.37,7,-355.56,19.18,-2292.84,4,229.69,
-267.42,2459.85,0.12,-28.42,7598.52,Rest,3949.68,79.75,Low,602.04,-359.22,-1080.58,-21.02,-110.88,-1676.88,-56.17,-972.88,3.73,-2090.76,-172.36,2018.41,2875.5,8.27,1.74,-5809.13,-12.84,51.99,343.05,31412.54,332.64,5,-285.93,17.82,-805.54,5,168.95,
-247.86,353.61,30.68,-17.14,-3532.29,UK,3979.76,-173.98,High,511.56,-228.87,-891.36,-5.62,47.24,-1716.26,-28.09,209.44,5.83,-6157.38,-101.82,2486.37,2207.16,5.16,-10.11,-9704.19,-8.9,53.49,347.34,22504.94,-48.93,6,-382.11,27.02,-2453.56,5,114.53,
-39.84,2899.65,0.58,-16.66,-4998,Europe,2915.52,-193.57,Very high,489.42,-232.92,-581.88,-35.2,-113.82,-2093.62,-2.75,7552.19,2.85,-10337.82,-28.34,2241.59,2608.6,7.22,-4.62,-6661.31,-13.78,68.1,307.92,17274.04,240.9,5,-252.39,24.15,-818.06,1,221.04,
-231.51,1433.49,680.38,-14.38,7475.04,USA,2577.08,-102.23,Medium,582.78,-262.14,-498.27,-45.88,-192.4,-1876.52,3.03,-2190.36,0.78,-7644.94,-66.58,2791.88,1678.18,9.67,-4.95,-11610.87,-13.7,69.21,185.28,12041.62,160.8,4,-236.19,23.62,-1269.18,5,216.55,
-93.54,2135.4,1074.86,-18.18,-6155.34,Rest,3061.08,316.32,Low,451.02,-276.42,-153.77,-38.92,-33.72,-1140.5,-25.14,-1719.12,6.17,-10930.12,-176.18,1576.95,2439.54,2.07,-7.47,-7715.09,-6.68,45.84,241.95,40104.16,149.82,4,-253.77,17.57,-1429.48,5,158.9,
-335.61,2926.32,4,-17.96,786.18,UK,3984.08,356,Medium,465.63,-478.62,62.91,-32.38,-213.12,-1469.12,-42.56,6338.5,6.26,-8687.64,-46.92,2636.17,1466.94,4.26,-11.82,-5854.87,-17.46,49.47,162.42,19944.54,244.11,7,-337.44,23.39,-1894.42,3,153.47,
-257.4,695.31,78.74,-15.32,18338.73,Europe,3184.56,280.12,High,591.45,-403.53,-166.77,-37.02,-23.34,-1029.56,-16.23,21.15,1.5,-13754.42,-140.54,2321.88,2891.56,5.44,-25.11,-8793.57,-19.78,13.83,367.02,14916.78,190.68,2,-282.99,8.76,-1793.24,7,178.28,
-339.3,1758.69,4.18,-16.88,18651.99,UK,1617.08,-53.41,Very high,621.63,-58.41,-839.47,-14.2,-95.22,-1954.06,-15.7,-86.83,2.31,-1329.32,-182.82,2377.65,2187.62,5.4,-8.25,-5260.21,-6.92,49.77,484.77,25066.76,456.81,6,-233.01,25.29,-1440.5,4,112.52,
-223.89,1971.9,0.6,-17.04,13528.86,Rest,3130,343.72,Low,639.84,-347.46,-482.42,-33.1,23.44,-1506.86,3.72,2420.68,3.47,2776.72,-127.74,2037,1564.46,0.62,-16.14,-10286.55,-13.56,46.26,668.07,32845.86,239.79,5,-160.05,18.38,-2092.4,5,173.07,
-398.16,1614.78,40.8,-14.24,864.33,USA,4481.24,216.6,Very low,456.72,-236.58,-698.25,-37.48,13.02,-1305.3,-4.22,2077.72,2.06,-7679.72,-130.42,2874.1,3261.86,2.13,-30.75,-13786.88,32.68,41.82,314.73,7967.22,206.94,1,-473.37,21.73,-891.5,4,111.67,
-134.82,2689.17,0.54,-14.54,-1932.15,Europe,4356.7,-226.33,Very low,684.69,-299.79,-446.5,-52.48,-39.3,-1734.2,-36.58,2964.66,0.98,10773.38,-133.2,1946.13,1790.96,3.01,-9.27,-8194.47,-8.28,35.37,214.59,20833.66,251.94,5,-448.38,15.75,-2158.28,4,68.85,
-206.1,2252.19,0.02,-16.02,-5996.4,Europe,3359,-46.64,Medium,655.32,-219.27,-489.6,-36.24,-63.56,-1126.96,7.31,7742.76,8.19,-1379.02,-52.6,3344.08,3586.52,1.12,-34.17,-4646.26,-24.14,72.54,307.68,8004.96,-93.21,3,-332.67,21.62,-1721.26,5,53.65,
-342.33,2540.55,14.42,-26.24,14156.04,USA,3666.84,315.84,Very high,1007.49,-329.13,-1125,-41.16,-32.26,-2829.84,-10.16,5253.99,3.79,-4975.36,-93.5,2316.87,3184.6,6.26,-9.87,-11106.31,6.22,40.47,301.65,25484.2,156.45,3,-378,16.29,-1919.32,5,175.13,
-340.68,2362.56,0.02,-23.8,19740.75,UK,3960.82,-379.99,Medium,538.2,-248.61,-569.47,-39.26,-42.74,-1335.6,-34.94,543.6,2.41,-16427.14,-57.94,2714.55,2866.3,3.75,-14.52,-10361.9,3.02,54.21,270.45,17850.46,11.01,4,-333.9,18.17,-1165.14,3,172.17,
-45.06,984.24,13.42,-14.16,7578.24,UK,3442.98,183.5,Medium,214.53,-186.21,-888.01,-37.44,-73.44,-1556.98,-4.9,5343.78,5.82,-2997.48,-69.3,1326.33,2337.36,3.88,-9.78,-9183.45,-9.86,52.02,298.41,17077.6,292.29,6,-228.69,18.08,-1695.8,5,176.39,
-345.54,2401.11,2.54,-13.1,-985.32,Rest,3522.1,586.62,Very low,381,-193.65,-185.55,-50.68,-82.06,-1257.36,-11.89,5628.62,7.7,-5120.1,-124.9,3119.04,2283.22,2.91,-2.4,-7460.47,-27.58,49.65,274.41,15853.92,220.74,4,-336,22.91,-1207.92,4,158.85,
123.39,813.78,1.78,-29.36,7658.97,UK,4595.62,-361.9,High,592.83,-237.87,-547.81,-34.78,-95.36,-2128.42,-41.56,-742.4,3.11,1294.4,-62.26,2845.67,4069.92,1.46,-17.82,-11833.92,-9.86,44.73,175.08,27289,242.46,1,-474.72,21.05,-2175.12,7,141.41,
157.35,439.62,10.84,-13.5,12125.01,Rest,4315.92,445.12,Medium,646.98,-345.87,-627.64,-43.3,13.96,-1479.1,-34.16,1834.46,-1.55,-7188.82,-130.72,2074.32,1963.36,1.06,-11.82,-8344.75,1.26,61.56,349.02,17891.2,349.38,1,-298.29,19.95,-2173.14,8,187.21,
-162.33,1779.66,0.6,-19.36,15416.4,Rest,4213.42,506.98,Low,542.88,-257.22,-787.35,-35.94,-131.22,-2331.88,-65.05,1599.18,1.59,-12187.9,-155.56,1861.04,2669.92,2,-2.19,-11043.75,-7.02,37.41,461.19,26320,211.47,3,-198.42,14.45,-1644,3,149.36,
-132.39,1483.62,8.54,-15.06,21850.77,USA,3755.26,-275.16,Medium,557.13,-165.66,-220.53,-55.22,-148.88,-1033.52,-27,6107.27,2.34,-8231.54,-55.4,2040.3,1711.12,1.93,-12.45,-3761.16,-17.9,62.7,420.48,18847.36,315.45,5,-269.31,20.93,-1826.64,3,196.99,
-223.11,293.58,40.62,-16.02,4621.65,Europe,3892.4,-98.51,Very low,506.55,-235.05,-206.29,-34.12,-87.36,-2061.36,-21.42,1648.24,9.74,-4611.58,-53.58,3090.77,2745.4,1.55,-5.85,-5815.63,-10.56,44.16,381.96,23010.38,226.08,5,-325.02,18.6,-1529.2,4,169.8,
-216.15,2036.07,0.04,-38.78,25822.68,UK,2857.54,271.35,Very low,478.29,-316.05,-150.99,-42.66,-14,-1859.66,-64.37,-2798.71,5.15,394.42,-60.6,2511.89,2273.36,3.56,-4.47,-15800.67,-22.66,41.22,380.97,25618.94,206.13,3,-310.29,16.45,-767.6,6,191.51,
-107.85,655.74,10.06,-22.1,23237.07,Rest,4637.9,-389.87,High,393.18,-349.98,-143.93,-37.84,-88.52,-0.58,-61.88,2683.83,6.31,-6559.42,-73.68,2815.2,2257.24,3.74,-11.13,-8470.29,-10.12,62.28,362.97,17976.48,147.12,8,-390.63,21.08,-2203.24,1,187.64,
153.78,1476.57,0.56,-17.98,6243.3,USA,3590.26,-291.16,Low,394.32,-148.77,-486.74,-35.9,51.02,-1122.48,-23.27,4861.91,3.98,-12003.04,-79.48,2886.78,2479.2,4.37,1.98,-15137.85,3.76,53.1,332.67,19073.44,371.46,6,-318.15,17.48,-1289.02,2,213.51,
-217.68,1099.26,9.28,-30.88,7353.84,Europe,4044.1,222.26,Very low,492.12,46.83,-612.51,-40.18,20.36,-1702.98,-92.2,846.73,7.73,-8213.56,-103.82,1605.6,2551.6,1.66,-13.17,-13481.78,-4.76,51.42,268.83,22928.36,234.66,8,-259.53,19.13,-1413.78,4,163.57,
-276.39,2381.82,1.22,-18.34,2462.67,UK,4429.28,474.27,High,531.21,-167.07,-1175,-27.7,-17.5,-872.08,-88.61,2261.19,-5.63,-3134.88,-159.12,2005.81,2754.4,5.81,0.42,-7178.11,-12.68,61.23,288.63,27515.86,379.11,2,-305.07,30.75,-1740,3,196.97,
-269.49,2017.47,6.86,-25.64,-1003.38,UK,3626.48,-207.57,Very low,400.08,-372.69,-164.77,-38.52,-90.62,-1862.32,-51.11,1479.35,0.47,-4619.48,-53.04,2254.48,2139.28,7.44,-1.95,-7791.96,-13.24,57.75,564.39,25605.2,193.05,4,-398.91,20.53,-1605.92,6,174.2,
-217.95,-124.95,68.62,-16.58,6780.36,Rest,2667.2,389.19,Very high,615.87,-525.96,-1019.49,-35.44,30.54,-2155.28,-25.9,4415.85,0.87,-13334.02,-1.28,2544.99,2354.72,3.55,-11.76,-14366.58,-5.92,39.12,66.6,23762.54,217.14,4,-237.15,18.85,-2203.24,6,216.7,
-317.25,1949.25,0.4,-13.54,-4977.81,UK,3335.66,89.67,High,445.83,-257.7,-739.4,-41.18,-14.76,-2057.64,-16.92,1583.34,4.5,-4265.96,-53.14,1847.07,3435,2.9,-23.37,-10992.36,-8.94,53.79,280.05,35489.74,375.33,4,-480.48,24.87,-563.78,4,158.01,
-240.36,1339.05,9.16,-18.36,18107.07,Rest,4707.02,486.93,Very high,607.65,-405.21,-639.27,-51.42,-46.14,-1561.6,-35.06,6915.47,3,-5408.74,-129.64,2171.61,791.24,2.75,-12.21,-10334.77,-5.06,50.82,288.93,28414.16,552.24,6,-380.82,23.23,-1657.24,4,173.24,
-55.62,1482.84,210.56,-15.48,22893.6,Rest,3478.2,238.04,Medium,504.33,-369.54,-243.48,-38.36,5.02,-1065.96,-18.28,758.73,6.66,-3449.84,-28.98,2315.96,3013.16,1.25,0.78,-7650.91,-14.66,111.3,351.87,18541.62,262.2,5,-574.38,25.71,-1212.14,3,233.43,
57.75,3533.4,3.26,-25.6,9021.33,UK,3588.54,369.07,Very high,363.24,-216,-798.31,-10.58,-143.34,-2561.38,-42.23,278.19,8.91,-6850.62,-93.78,2382.06,2608.86,5.06,-23.43,-9964.53,-7.7,41.43,585.84,24217.82,164.7,1,-386.94,17.48,-1963.52,3,180.72,
-150.66,-1816.44,4.2,-17.96,17469.3,UK,4171.56,112.2,Very low,426,-231.24,-460.12,-19.52,-45.52,-2248.3,-26.87,7310.17,5.89,-20006.78,-19.92,2114.86,2318.32,2.51,-23.37,-14778.17,-16.34,48.78,378.03,29003.08,246.06,2,-207.78,23.07,-1380.96,3,191.9,
-246.87,1716.93,0.26,-18.92,6559.86,UK,5345.36,135.62,Very high,408.93,-271.5,-745.92,-36.38,-136.44,-594.5,-94.56,2828.86,1.46,-18062.56,-164.58,2940.19,2985.58,4.65,-35.04,-7353.62,-8.26,44.91,291.3,24667.54,-122.58,3,-249.45,14.51,-132.94,2,161.35,
-182.55,3187.98,0.1,-19.22,11542.29,UK,3347.82,496.01,Very low,560.49,-350.25,-242.11,-34.34,-14.58,-1675.42,-38.3,1385.66,-1.34,-5080.88,-129.9,2163.88,2510.5,0.58,-1.44,-9508.14,1.66,57.27,239.19,18894.24,388.02,5,-396.96,19.01,-1474.16,2,179.38,
-275.82,1847.04,1.06,-28.2,9467.91,USA,2826.42,145.24,Very low,409.35,-330.21,-975.39,-32.36,-128.12,-808.64,-42.25,2590.67,6.36,6209.7,11.14,2398.63,3702,3.13,-15.84,-5692.95,-20.84,61.02,297.54,11244.06,280.98,3,-321.36,20.06,-1354.52,2,170.95,
-171.75,2619.39,0.08,-32.66,-15317.04,Rest,3011.92,371.72,Very low,576.15,-245.64,-576.02,-24.86,-109.5,-3609.02,-53.47,-2905.15,-0.63,-9408.06,-77.88,2242.47,2911.44,14.26,-20.1,-3251.21,-7.46,52.89,433.29,11892.54,241.8,4,-265.62,15.88,-1439.68,2,118.29,
-309.87,-436.32,0,-14.38,798.09,Rest,4451.92,341.04,Medium,525.12,-273.72,-1063.9,-29.66,-80.58,-2145.58,20.07,2143.8,-0.55,6231.22,-112.3,2319.16,3411.84,3.17,-7.41,-9647.76,-8.26,16.5,142.89,27194.38,271.62,4,-168.21,24.04,-641.04,6,161.35,
-142.41,2027.7,9.9,-18.8,-3705.27,Rest,4007.92,-83.44,Very low,492.18,-313.59,-639.56,-25.32,-123.4,-1986.26,-14.94,8166.18,6.19,-15493.86,9.96,2914.43,2668.22,3.16,-29.37,-9769.77,-9.96,14.85,450.36,6969.32,251.97,4,-364.71,23,-827.52,5,180.97,
-236.73,587.91,0.34,-23.58,14486.97,Rest,3808,-391.26,Medium,557.73,-291.72,-363.43,-39.3,-165.5,-2052.72,28.4,722.48,9.74,-6128.58,-84.3,2083.65,3511.82,14.38,-6.57,-8053.9,-3.18,47.82,375.09,30848.32,309.39,3,-657.87,17.88,-1116.9,2,205.58,
-282.12,1048.05,0.14,-18.8,4465.53,Europe,5111.46,27.79,Very low,473.52,-167.19,-453.99,-33.08,53.86,-2051.02,-50.89,7301.21,-3.03,-5115.46,-162.48,2103.27,3102.52,2.23,10.98,-5588.29,-5,24.06,270.66,11885.94,230.37,2,-402.33,23.97,-1132.12,3,116.13,
-114.42,2651.46,0.04,-18.22,-7801.98,Europe,3984.58,454.63,High,700.62,-311.46,-231.84,-11.44,-94.92,-2771.24,-17.65,122.67,7.19,-12252.64,-46.58,2186.13,2749.68,0.44,-26.49,-7936.03,-12.76,75.24,215.19,21684.48,369.9,2,-251.7,20.63,-2049.16,7,171.6,
-289.02,2027.25,0.06,-19.3,17199.75,USA,2758.34,588.78,Very low,475.41,-213.6,-920.03,-34.98,-137.74,-2317.06,28.39,78.15,3.92,-10165.24,-30.78,2679,3423.08,4.99,-12,-8816.32,-7.78,59.37,378.6,16233.92,357.72,5,-305.73,19.33,-2022.78,2,217.71,
-197.64,1017.69,4.1,-15.58,14589.09,Europe,3840.4,-38.52,Low,370.32,-314.34,-1191.55,-36.04,-23.08,-1147.72,-26.88,5614.23,8.25,-11063.54,-124.94,2279.61,2485.94,3.65,-31.74,-14048.75,-4.62,53.76,300.93,25279.96,130.44,5,-229.5,20.99,-1334.22,4,168.93,
-257.43,1620.9,7.6,-25.48,9041.43,Europe,3894.92,-822.99,Low,497.43,-313.2,-526.7,-36.16,-155.56,-1422.86,-28.09,4537.67,3.63,-8044.74,-76.66,2328.42,2297.52,0.76,11.85,-10099.24,4.7,52.68,317.61,24879.2,236.49,3,-385.29,20.25,-1095.44,3,182.39,
-226.38,2237.31,0.18,-14.72,-544.08,USA,4824.44,50.32,Low,563.28,-152.85,-369.04,-46.54,-27.78,-556.5,-20.94,-378.89,4.14,-5041.6,-85.16,2133.25,2039.46,0.69,26.28,-7669.66,-0.56,34.92,484.89,22683,198.51,1,-307.08,18.2,-3050.5,3,179.31,
-210.84,2362.23,71.2,-21.7,21246.87,UK,2707.24,-82.13,Very high,489.3,-231.99,-152.34,-67.22,-78.44,-1550.82,-27.64,1270.64,1.77,-7454.04,-110.26,2353.72,1309.42,3.26,-12.45,-6750.11,-4.34,56.73,283.26,10520.78,193.32,10,-354.9,21.47,-2181.02,5,157.39,
-154.65,1397.76,0,-13.82,9450.42,Rest,4955.68,99.29,High,396.75,-601.83,-887.61,-34.6,82.34,-3045.86,-47.91,2344.51,0.87,-9456.2,-18.8,2652.45,2508.04,5.5,-7.53,-12579.04,-9.44,50.28,387.18,27776.34,281.07,3,-268.74,18.14,-1436.12,3,175.49,
-261.24,2168.25,12.16,-21.96,15525.81,UK,3017.68,89.07,Medium,544.68,-320.7,-1202.84,-39.9,33.64,-990.86,-4.21,960.48,1.56,-12394.52,-110.3,2376.87,2488.94,2.4,-3.75,-12467.46,-8.9,65.88,379.98,12777.16,255.45,3,-370.11,13.79,-2275.58,5,145.58,
-181.59,1299.27,0.34,-32.26,7029.87,Europe,3330.58,307.47,Very high,285.24,-354.81,-300.91,-34.14,-58.96,-2082.56,7.43,3932.72,0.21,-7455.3,-166.46,2108.08,2010.82,5.5,11.34,-7469.07,-9.16,41.79,418.89,27167.5,227.88,3,-215.7,21.98,-1392.88,4,214.19,
-170.4,2916.09,3.54,-19.18,31515.33,USA,2947.12,82.13,Low,476.07,-428.85,-499.47,-43.24,-130.08,-1560.24,-44.55,1046.38,4.42,-12938,-31.84,3143.75,2515.1,2.68,-8.58,-11897,-14.6,61.71,292.56,26470.6,327,1,-297.57,14.75,-1515.86,6,181.11,
-579.03,2293.26,0.04,-33.84,22024.62,Rest,3783.72,65.6,Very low,535.11,-206.22,-531,-26.54,-75.86,-2219.38,-27.08,3241.27,1.77,-8707.08,-182.08,2115.71,2554.46,0.42,-7.05,-9391.03,-11.98,47.13,385.14,21230.24,139.62,4,-397.23,18.49,-2020.72,4,205.95,
-481.11,1541.55,0,-18.8,-10235.1,UK,3056.08,157.47,Very low,470.31,-266.88,-383.3,-64.92,-46.74,-1797.34,-34.73,885.64,4.18,-10537.9,-26.34,2395.49,3699.22,6.43,-9.21,-643.18,0.3,47.67,202.86,11263.52,337.02,0,-410.34,20.01,-1222.5,1,218.82,
-290.19,2588.73,976.02,-16.3,9862.59,Europe,3385.46,243.89,Very low,593.04,-211.35,-905.66,-43.12,-5.04,-566.22,29.65,8474.56,1.38,-13590.58,-91.48,2704.79,3106.2,1.69,16.35,-5782.16,-8.74,49.41,314.37,13863.12,240.96,3,-304.05,14.6,-1938.94,5,242.41,
-226.23,2354.31,0.02,-21.34,-460.71,USA,3710.58,-143.22,Very high,445.86,-307.11,-517.74,-45.28,-40.74,-1961.46,-47.86,139.7,9.55,-2301.12,-13.84,2261.96,2837.82,1.55,-8.31,-11201.54,-23.36,47.73,218.16,23606,122.16,4,-383.16,14.47,-2022.74,5,173.87,
-225.18,1680.48,25.2,-15.98,2562,Europe,4572.64,6.44,Very high,477.18,-412.5,87.86,-39.2,-69.86,-1055.94,14.89,-275.76,-1,-19450.02,-80.98,2570.44,1907.6,1.14,-21.54,-9088.82,-11.24,53.22,316.11,17378.92,341.07,3,-177.45,19.5,-1293.56,4,239.24,
-264.39,1769.46,74.1,-22.9,4371.18,Rest,2696.84,-122.53,Very high,438.96,-57,-571.43,-40.5,-41.36,-2266.7,-67.29,488.65,5.44,-12424.8,44.38,2181.87,3088.86,3.88,1.86,-8577.16,-9.02,46.08,391.23,17926.94,214.47,4,-520.47,17.97,-1036.8,5,198.92,
-170.97,2994.36,101.04,-16.5,-1480.23,Rest,4704.98,722.47,Very low,491.22,-205.71,-774.89,-37.16,-54.76,-1476.9,-70.46,3831.12,-2.74,1729.74,-56.1,1324.51,2184.6,2.47,-18.3,-3845.08,-9.68,36.3,255.84,27447.44,542.55,4,-231.66,15.43,-1673.16,6,168.64,
-189.69,1128.15,2513.96,-30.44,14426.97,Europe,5504.74,-4.88,Medium,331.92,-237.87,-269.72,-48.3,-24.04,-2141.88,-22.02,4092.31,6.58,-19922.2,-111,2341.73,2945.54,4.42,26.34,-6057.49,-3.86,45.15,333.72,17853.98,294.36,3,-308.34,21.22,-898.74,3,182.86,
-234.6,1188.54,65.62,-13.54,400.44,Europe,3081.58,58.36,Very high,353.28,-270.69,-687.43,-34.9,63.4,-2168.18,29.54,6222.92,2.04,-1990.54,-11.88,2368.3,2625.46,3.61,30,-10357.67,-1.76,70.71,205.5,19024.52,146.16,5,-205.26,28.34,-2184.04,4,191.89,
-282.27,1136.31,79.16,-18.62,8989.26,USA,4543.72,79.39,Very high,429.48,-124.86,-486.92,-37.18,-83.26,-1604.66,-17.11,8486.25,6.3,-3382.92,-187.58,2716.31,3199.46,1.38,-8.76,-8727.27,3.54,61.56,274.44,13924.32,179.01,5,-289.8,21.9,-1257.04,3,173.53,
-153.54,1222.92,0.04,-22.88,6820.5,Rest,4532.9,38.05,High,459.57,-155.16,-691.33,-29.48,84.92,-1178.26,-46.81,5750.27,3.58,-8675.96,-130.66,2053.6,3368.36,2.88,-5.46,-12119.11,-6.26,53.43,136.14,23414.28,73.71,5,-187.62,17.86,-2114.18,6,165.05,
-330.75,2373.12,1.26,-20,11807.73,Europe,4117.28,-297.32,Medium,480.3,-330.09,-1102.62,-31.5,-128.7,-894.36,-37.71,1241.84,5.88,-5115.48,-14.56,2184.08,3124.18,1.68,-5.04,-7594.51,-18.68,53.13,255.18,28652.34,243.45,4,-324.6,18.6,-1260.2,6,168.73,
-248.64,2804.79,0.04,-23.08,6175.38,Europe,2333.62,241.17,High,549.12,-103.29,-922.65,-37.52,-105.04,-1008.98,-26.95,2925.18,6.97,-1654.9,-71.94,2366,3601.4,4.98,14.79,-11074.15,-31.74,40.56,353.64,25604.66,358.71,4,-555.15,22.79,-1992.26,5,175.79,
-165.84,2630.61,0.88,-18.7,-9144.63,USA,3496.76,143.21,Very low,376.05,-52.05,-589.11,-30.1,-91.46,-1711.1,-6.88,-5125,4.57,-17019.6,-162.34,2303.28,2140.88,5.8,-3.6,-9822.01,-9.22,47.85,133.14,23048.7,268.5,2,-336.3,20.67,-252.44,5,135.85,
243.48,2623.59,0.84,-15.24,8967.45,UK,2572.86,-215.17,Very high,475.59,-407.25,-21.95,-49.66,-96.06,-254.38,13.51,2657.25,2.99,-13107.76,-103.7,2427.75,1791,5.82,1.5,-10816.47,-5.02,51.15,265.68,21159.34,239.88,4,-236.49,16.88,-1067.7,4,169.38,
-196.53,2133.54,0.56,-15.36,6455.67,USA,2550.94,318.76,Medium,482.25,-159.57,-483.25,-24.38,25.3,-1933.04,11.13,869.29,3.94,-9690.02,-215.36,2468.76,3516,4.97,0.03,-10169.7,-15.74,57.99,343.38,22159.8,0.21,6,-224.01,14.3,-739.22,4,217.25,
-381.87,3322.29,70.56,-16.4,11386.74,UK,4294.12,231.99,Medium,504.39,-306.96,-821.92,-47.64,-34.26,-1066.92,-27.76,4669.32,2.98,-10295.54,-69.12,2695.57,1992.26,5.09,-8.19,-10209.46,-6.62,48.96,286.05,18613.76,278.28,1,-226.56,21.91,-1445.64,3,168.04,
-249.12,2295.33,9.8,-36.5,10170.51,Europe,4821.8,260.39,High,379.05,-245.94,-840.92,-42.2,-102.64,-1455.02,-30.07,2644.07,3.29,-4584.22,-87.32,2210.03,3192.26,3.4,-33.27,-8004.92,-5.04,57.54,253.8,16496.44,236.58,2,-339.78,23.57,-3011.46,8,161.97,
-443.16,557.4,44.74,-25.1,9064.35,Rest,3981.72,15.99,Very low,551.16,-130.17,-654.35,-36.48,-117.22,-1551.3,31.96,5096.29,6.53,-3813.34,-166.38,3328.46,2646.52,2.89,-11.46,-10961.72,-12.88,47.04,398.46,20488.48,232.35,1,-355.77,20.92,-898.4,4,168.72,
-260.31,2838.03,0.16,-17.98,3962.52,Europe,4509.18,188.57,Low,418.17,-342.06,-549.2,-37.34,-79.44,-1201.2,-46.62,6468.43,3.97,-14426.42,-3.38,2357,2252.84,9.7,1.65,-9589.7,-5.72,45.96,607.41,25107.7,141.45,8,-328.74,18.36,-2339.78,2,299.54,
-402.42,1758.03,0.32,-25.56,8723.28,Rest,2494.98,445.82,Very low,491.52,-150.15,-567.62,-34.78,-89.4,-1859.94,-38.97,1967.43,7.54,-2585.68,29.5,2286.33,3361.34,10.9,-4.8,-6143.77,-23.66,43.53,163.23,26984.72,214.77,1,-332.46,16.99,-1436.44,4,209.4,
-194.28,1102.83,0.32,-15.04,11766.24,Rest,3308.88,-186.96,Very low,502.86,-429.93,-852.24,-38.38,-32.46,-1801.52,-4.61,6006.68,0.09,-10406.18,-34.02,3102.52,2171.64,1.09,-2.73,-8707.22,-8.46,62.34,432,21642.68,401.43,5,-235.98,19.9,-1596.6,3,179.3,
-69.93,1074.36,0,-17.8,15146.01,USA,5729,279.92,Very high,366.42,-456.9,-1057.84,-40.12,-27.42,-1372.8,-72.57,-1266.31,1.19,-7636.28,-191.96,2184.61,3234.24,3.74,-19.89,-10822.17,-14.18,54.33,404.31,21576.04,172.26,4,-265.05,19.07,-1332.98,2,146.59,
-112.59,1644.12,12.36,-21.64,87.6,UK,2643.54,-44.52,Medium,552,-227.73,-687.37,-37.48,-37.9,-1292.64,-40.78,5237.96,4.7,-8474.34,-96.5,2422.26,3124.7,4.41,-16.86,-6714.59,-14.62,55.98,385.71,24040.04,259.11,5,-406.56,18.41,-1167.98,1,176.44,
-228.18,2362.77,0.26,-19.82,10511.94,USA,4412.64,435.23,Medium,843.99,-305.1,-897.57,-37,-51.1,-1338.26,-66.51,5151.08,7.35,-2493.32,-12.72,2672.93,2432.1,2.8,-1.02,-7542.18,3.64,77.4,417.72,20128.3,-73.41,7,-405.24,19.37,-1149.18,2,205.6,
-258.78,1678.5,16.64,-24.32,7120.83,Europe,3406.22,-24.76,Low,368.76,-343.95,-1042.84,-16.12,-64.58,-1582.58,-18.18,-2925.08,5.71,-3218.92,-75.16,2314.3,2792.88,2.7,-5.22,-5857.78,-8.64,45.36,380.79,14975.54,377.31,1,-203.13,24.08,-1679.74,9,129.69,
-308.88,1502.4,0.32,-19.38,8100.9,UK,3799.46,86.22,Low,446.43,-103.77,-1132.61,-33.1,27.68,-721.98,-26.79,7530.68,4.34,-3756.78,-51.46,2463.13,3009.92,2.37,4.62,-6602.31,-7.96,39.09,231.21,22063.1,232.95,3,-173.25,21.57,-1458.58,7,209.4,
-66.03,1734.03,0.04,-24.34,-2387.64,USA,2896.42,25.57,Medium,450.93,-202.95,-783.24,-34.52,-9.7,-2038.32,18.91,513.46,3.5,-9996.08,-38.9,2198.57,2408.42,5.63,-2.79,-4504.45,-9.9,40.98,152.64,22650.34,167.7,3,-177.81,20.7,-1184.12,6,233.71,
-71.22,1676.79,1217.28,-27.42,2265.54,Rest,4367.02,120.43,Low,430.83,-276.69,-93.08,-39.92,-8.26,-1093.78,3.83,5950.45,2.18,-7937.26,-3.54,2671.19,2847.46,1.93,-15.81,-6562.62,-9.3,42.27,127.89,24079.28,298.77,3,-239.64,19.82,-2094.02,5,202.36,
-169.53,1902.27,1.36,-22.12,1273.77,UK,3946.26,-492.43,Low,520.02,-267.66,-727.32,-42.98,10.58,-1139.04,-37.89,4835.03,8.39,-5453.08,-165.68,3191.92,2836.6,9.44,-43.53,-12133.03,-3.44,42.33,374.34,28685.44,241.68,2,-361.47,16.83,-2234.16,7,142.61,
-342.33,1479.96,0.32,-37.62,-1594.68,USA,3509.62,783.89,High,468.39,-228.15,-536.76,-35.94,-52.24,-1717.82,-26.96,8292.4,4.74,-7216.32,-161.88,1752.41,2762.28,1.56,-15,-9830.83,-10.6,44.85,257.04,17261,261.18,1,-365.94,17.05,-1561.56,4,191.11,
-223.77,2464.92,1.46,-19.68,8294.34,Europe,4844.68,-203.57,Low,502.56,-204.6,-556.9,-29.6,-101.68,-1293.46,-51.42,4513.06,0.26,-3723.5,-116.52,2547.62,3000.14,0.3,-13.2,-8892.88,-5.94,49.14,276.09,19315.14,13.44,9,-364.29,21.94,-1433.84,5,185.51,
-264.33,1805.91,20.24,-18.54,1752.3,UK,3430.76,108.1,Low,464.88,-215.97,-718.01,-32.94,17.56,-1901.4,-47.65,5672.44,2.11,-15761.58,-38.76,2243.69,1298.74,2.58,-4.35,-7606.45,8.22,73.11,180.69,33597.94,298.14,3,-331.77,22.11,-1676.24,3,192.41,
-262.89,2896.17,1.46,-22.34,-2744.22,UK,3778.1,188.17,Medium,407.55,-234.06,-619.36,-42.8,-90.72,-1467.56,-33.2,824.74,-2.54,-5852.38,-32.96,2234.46,2259.36,2.42,-3.63,-8770.74,-10.54,54.96,210,15832.4,122.01,4,-226.5,19.68,-1316.12,1,185.27,
-309.09,861.75,1.36,-24.86,980.4,UK,3979.44,-544.26,Very low,486.75,-209.94,-297.98,-34.84,-48.94,-2376.12,-48.62,6939.84,7.41,2971.62,-66.38,2454.09,1668.12,0.98,-5.13,-9909.09,8.8,27.06,50.67,34538.36,60.45,4,-359.97,20.25,-1623.1,2,143.37,
-455.19,787.56,3.28,-32.44,-14585.19,USA,4182.96,81.71,High,520.95,-464.07,-769.12,-40.58,-172.56,-1834,-41.84,4822.02,1.72,-1191.9,-95.3,2487.37,3302.72,4.61,12.48,-7754.85,-10.76,44.58,238.11,20007.18,459.39,11,-321.27,19.26,-1640.4,4,182.78,
-176.58,3285.57,2.88,-27.6,10815,Europe,3557.96,4.58,Very low,482.94,-203.31,-722.07,-35.32,-56.1,-1007.06,-19.31,1567.15,-1.11,-16714.68,-171.56,2358.92,2635.62,3.64,-5.7,-9203.17,-1.14,50.73,679.92,32055.58,51,7,-338.16,18.07,-2363.32,2,116.63,
254.64,1379.28,0,-15.9,-1130.55,UK,3736.44,-10.71,Very low,370.11,-250.86,-395.39,-22.62,-59.38,-1148.8,-39.98,5156.17,1.74,-18924.06,-132.7,1831.81,2286.64,0.55,1.26,-10618.14,2.4,39.03,276.36,16548.1,-12.27,5,-346.41,19.24,-2093.54,4,188.35,
-232.53,3486.03,8.68,-20.78,13637.01,Rest,4015.78,321.35,High,416.16,-416.25,-850.52,-39.3,-104.58,-1672.96,-27.42,5098.39,2.65,-190.64,-74.98,2431.21,2882.68,0.22,1.65,-5974.9,-9.26,53.4,348.51,18703.88,147.9,4,-249.96,21.49,-2560.08,2,179.71,
-249.45,1900.71,76.86,-23.12,12594.99,UK,3553.98,-650.46,High,512.67,-259.38,-267.89,-35.78,-71.26,-1328.48,-40.45,3040.53,-2.03,-15968.2,-104.32,2352.41,2219.94,4.29,-9.63,-8302.69,-0.7,60.39,334.5,33540.54,225.54,2,-340.77,13.94,-1608.84,5,189.53,
-186.75,-614.52,6.56,-14.66,-12622.53,UK,3376.36,11.47,Low,496.08,-319.83,-802.44,-37.36,-101.8,-1931.96,-56.58,-2776.12,1.98,-15175.08,-154.42,1325.42,2709.28,2.92,-14.58,-8915.02,-3.22,54.15,235.14,19516.26,281.58,5,-286.77,24.5,-1491.38,4,164.18,
-287.19,2841,0.06,-21.46,20951.49,UK,4460.92,-85.39,Medium,418.86,-359.1,-162.81,-40.34,-259.16,-642.64,-47.95,6459.8,0.76,700.42,-78.54,2769.27,1471.56,1.95,-2.79,-1986.54,-9.66,42.27,374.97,19990.88,23.13,4,-355.86,23.67,-1349.02,2,140.77,
-281.94,1530.69,27.48,-13.04,11486.49,USA,3078.92,187.41,Very high,829.86,-305.34,-806.75,-35.04,-167.84,-1057.96,-11,5587.05,0.27,-12214.26,-17.86,2468.59,2037.82,3.17,-12.36,-7373.71,-8.14,46.74,235.29,20278.38,386.58,1,-208.38,20.25,-756.58,4,159.14,
-266.31,865.89,19.96,-16.68,17454.24,USA,3464.72,-307.01,Very high,711.63,-275.07,-446.8,-44.54,-148,-1240.88,9.12,4102.71,4.55,-11721.74,-50.64,2070.4,2270.84,1.11,-3.12,-8250.16,-23.82,67.11,253.71,20699.76,248.25,2,-280.47,21.59,-1759.42,5,147.29,
-262.02,1794.57,0.66,-15.08,14103.27,USA,3959.34,95.06,High,469.95,-376.47,-334.2,-35.36,-78.68,-875.84,-15.46,-3935.29,2.15,-7949.62,-93.52,1731.32,1748.76,1.07,-6.93,-9013.57,-5.82,60.15,377.64,20294.12,334.89,7,-428.79,30.73,-913.18,6,120.76,
-156.45,410.7,0.1,-22.02,445.14,UK,3612.14,74.26,Very low,538.17,-357.54,-650.53,-30.96,-112.16,-1876.28,-25.08,-1363.38,3.95,-4360.92,-39.84,2512.49,2062.4,0.46,-3.69,-9923.33,-9.5,69.45,256.26,12045.6,251.34,2,-235.11,19.02,-667.5,6,173.37,
-93.24,1486.89,1.7,-17.16,7312.35,Europe,3474.52,18.36,Very high,459.39,-303.27,-554.59,-39.4,-269.76,-1403.06,-35.76,-78.99,4.05,-715.02,-68.36,2458.22,2102.58,3.99,-11.85,-12518.49,-6.4,39.42,601.74,21547.34,116.7,4,-225.69,24.42,-729.42,5,37.19,
7.98,3086.1,25.68,-17.32,-5435.58,Europe,3240.04,55.99,Medium,713.55,-226.62,-366.2,-36,-34.22,-1848.6,-60.77,-3650.36,1.32,-4085.3,-108.92,1447.02,2891.56,4.65,-23.79,-11669.39,-9.54,48.78,152.22,11264.2,253.5,3,-365.88,23.91,-760.9,6,140.84,
-236.19,2798.73,0.9,-33.86,716.1,UK,4310.3,452.34,Low,512.46,-230.25,-646.04,-43.72,-63.66,-935.56,-7.46,4879.25,3.44,-12017.56,-90.68,2682.68,3337.5,1.63,-16.26,-11098.05,-7.3,35.85,294.39,16398.94,333.21,3,-195.87,21.81,-1125.4,8,152.25,
-425.4,1044.12,0,-16.06,10221.63,Rest,4127.82,-104.69,Low,725.07,-256.59,-233.18,-34.58,-48.78,-1014.22,-53.11,2847.21,8.31,-9535.2,-127.1,2508.57,1671.22,2.38,-15.39,-7747.9,-8.26,41.79,519.15,19936.3,283.95,6,-294.81,20.31,-871.56,4,143.85,
-235.08,-114.63,0,-16.52,-4503.99,Europe,3905.42,674.58,High,411.51,-201.39,-670.89,-22.14,-91.48,-1560.2,-25.88,-492.07,-2.22,-9634.04,-145.48,2113.05,2669.7,1.07,-8.1,-8203.72,10,36.24,314.46,15647.1,447.84,7,-278.58,22.92,-1259.38,9,212.15,
-177.51,265.08,0.14,-23.7,2534.07,Europe,4030.38,-105.21,Medium,475.35,-300.24,-1156.1,-41.36,-112.12,-936.58,-37.31,4835.1,2.01,-9750.62,-116.82,1651.9,2668.48,1.39,-19.11,-2225.37,-1.22,52.95,405.06,24114.7,285.09,4,-335.94,13.76,-900.68,6,228.37,
-304.68,2455.8,0.08,-18.9,20606.76,Rest,2331.58,-216.44,Low,490.86,-240.39,-353.44,-45.34,-35.52,-1048.08,-7.08,2356.22,3.46,-2082.94,-257.96,2969.81,3098.56,2.37,-17.34,-8809.99,-10.56,42.96,272.94,18320.6,262.14,5,-347.13,17.78,-1467.52,3,179.23,
-253.77,661.35,0.14,-27.34,1677.03,UK,3968.8,607.76,Very high,381.12,-86.52,-1057.94,-38.76,-26.2,-1402.36,-44.22,4616.53,8.91,-21765.08,-86,1778.63,2296.06,4.28,-7.98,-9322.08,-10.22,59.04,187.83,22145.24,188.64,3,-439.56,15.79,-427.22,3,173.94,
-193.95,1115.4,12.88,-18.28,9004.2,Rest,4474.94,-98.89,Medium,474.99,-294.42,-874.86,-30.6,-78.46,-532.76,-62.29,3938.22,3.5,201.36,-60.58,3021.86,3632.4,0.76,-2.31,-11232.92,-4.64,45.51,286.56,18475.6,361.53,1,-466.65,20.81,-2189.74,2,146.01,
-294.15,1767.36,20.48,-22.4,17059.77,Rest,3249.28,316.49,Very low,349.02,-244.71,-934.58,-44.44,-19.5,-2262.48,-24.01,-2212.67,-0.69,-14557.86,-16.3,2979.9,3529.58,1.55,-18.36,-7542.1,23.92,36.87,442.41,24322.76,153.24,5,-238.53,18.34,-1435.02,5,298.13,
-370.32,1908.06,0.34,-34.38,13949.76,UK,4667.52,-138.11,High,587.43,-239.67,-781.04,-35.18,29.68,-1162.22,-10.36,7701.36,-1.53,-12240.3,-88,1527.28,2926.04,1.42,-10.38,-6596.64,-40.08,48.21,494.46,26443.26,85.35,3,-150.66,22.73,-1200.1,4,191.92,
-443.55,1376.07,4.78,-23.26,11638.44,UK,5119.22,277.84,Very low,504.12,-306.09,-511.74,-33.78,1.76,-971.38,-25.76,4323.19,3.35,-7548.36,-77.34,2952.51,2243.92,7.17,-1.32,-6686.48,4.8,34.38,239.97,22328.5,238.29,10,-244.89,20.02,-1480.18,4,176.17,
-391.65,2056.02,1.18,-16,3599.28,USA,3482.04,-393.76,High,624.42,-370.68,-531.88,-34.42,-127.28,-1708.58,-66.76,2281.68,-2.2,-7194.58,-61.18,1979.75,3112.48,4.16,-5.82,-5819.82,-17.64,63.99,64.98,27072.78,289.83,6,-207.78,19.71,-2252.66,7,198.62,
-359.73,2119.98,575.8,-16.5,14798.34,UK,4524.9,19.93,Very low,501.66,-191.04,-425.05,-24.28,-128.3,-1660.24,-15.37,5818.63,5.98,-13678.08,31.92,2522.04,2504.4,4.72,-6.66,-8192.84,0.14,38.43,427.05,19994.76,206.13,4,-264.63,26.25,-712.52,6,175.43,
-12.15,1927.11,1.18,-17.74,11832.51,UK,3228.16,145.31,Low,391.53,-288.54,-514.06,-30.16,-36.16,-1025.82,-10.37,6538.92,7.67,-5587.28,-65.28,2616.16,2359.66,4.35,-7.77,-5537.07,9.48,53.52,347.4,22107.42,200.64,5,-447.21,15.21,-1609.02,4,178.27,
-148.59,1833.36,10.94,-23.76,8330.82,Rest,3241.84,-337.66,Very low,468.03,-150.6,-794.38,-42.1,-6.4,-896.08,-19.23,1805.49,0.33,-10330.82,73.94,2173.3,2676.86,1.57,-12.66,-5155.66,-3.88,69.63,271.56,19222.7,185.01,9,-289.44,20.97,-910,4,165.13,
-14.13,740.22,0.16,-15.1,16687.2,Europe,4422.92,353.97,High,431.7,4.68,-1173.15,-35.48,-60.56,-1786.2,-41.62,-3320.9,-0.97,-9423.92,44.32,2290.42,2834.62,3.63,-9.45,-9206.68,-10.64,52.14,-192.72,23596.28,335.97,1,-173.01,17.02,-294.28,5,225.97,
-429.54,2239.53,12.66,-31.02,-1817.7,Rest,3736.66,-64.2,Medium,464.43,-370.56,-873.68,-38.16,-59.2,-1059.2,-1.13,3217.93,3.6,-7681.68,-30.86,2209.8,2412.98,1.1,-1.56,-13649.78,-16.48,45.84,206.76,19827.42,255.3,1,-333.42,18.42,-1373.34,2,185.2,
-231.42,955.77,17.86,-13.44,-5941.8,Rest,3405.16,333.74,Medium,520.08,-539.07,-523.13,-37.12,0.26,-1432.2,-65.2,2393.9,-1.74,-5651.32,-79.32,2315.2,2878.86,2.66,-4.83,-6528.22,-6.14,50.43,437.64,24137.72,269.19,3,-249.6,13.81,-575.8,5,103.33,
-384.42,2074.53,0.4,-12.92,3425.46,Europe,3671.96,-301.48,Very high,529.32,-331.98,-960.67,-37.02,-65.22,-1937.1,14.43,9112.13,3.14,-11127.18,-123.06,3377.08,2905.28,2.97,1.11,-13583.83,-5.36,35.7,323.91,22242.54,242.88,6,-350.7,15.54,-863.44,5,119.29,
-392.58,865.17,0.02,-25.94,-1544.19,USA,3584.16,512,Medium,529.62,-228.93,-499.58,-37.08,-94.56,-1706.82,18.7,3766.35,2.21,-7107.6,-108.36,2332.76,2368.6,4.56,-7.56,-10064.34,-6.08,69,295.11,25465.02,318.6,6,-491.82,19.25,-1175.7,4,200.68,
-126.21,913.5,0.02,-17.54,-5607.78,Europe,3496.56,-159.86,Low,462.54,-199.32,-872.26,-34.08,-80.48,-1350.32,-4.43,-1861.16,-4.7,-11702.18,-10.48,2548.36,3242.2,3.28,-10.26,-7413.38,-9.26,52.26,-342.99,14107.16,173.88,6,-315.36,17.97,-1775.12,2,163.85,
-298.71,2591.31,3.48,-21.56,11790.66,Europe,3378.68,-52.05,High,711.36,-144.45,-432.88,-52.74,-25.88,-2177.56,-60.95,-1648.25,4.55,-9330.72,-122.4,2253.4,1618.26,4.73,-4.2,-8670.38,-15.38,57.9,709.62,20979.94,121.14,3,-311.73,26.65,-1522.56,4,217.71,
-216.81,1570.53,1.44,-32.44,29007.45,Rest,5336.3,98.31,Very low,414.84,-513.96,-358.79,-41.24,-3.46,-1085.84,-2.44,5106.52,0.47,-2800.12,-95.5,2346.24,1838.72,3,5.76,-8208.8,4.84,52.89,111.45,24765.84,314.49,4,-301.44,12.2,-1199.68,4,175.5,
-328.8,1692.72,0.22,-19.92,7972.65,UK,3643.26,-413.32,Very high,142.29,-287.88,-200.65,-42.56,-63.88,-839.48,-33.86,1324.61,1.57,-9017.08,-93.08,2489.68,3120.32,1.87,-8.22,-3032.41,-13.76,40.59,336.18,10894.52,391.05,1,-248.97,19.23,-1430.24,1,282.63,
-177.45,1981.02,5.28,-32.6,-6745.95,Rest,3377.62,-242.03,High,537.69,-120.6,-1042.73,-39.96,-138.9,-1180.54,32.1,2790.77,2.05,-11888.92,-33.44,2789.8,2528.92,6.47,5.13,-8688.42,-8.12,32.28,150.45,19657.86,247.44,2,-400.38,19.19,-686.6,5,158.01,
-280.62,2820.72,31.24,-19.24,22439.52,USA,3479.18,-241.63,High,444.24,-339.21,16.82,-31.32,-56.36,-2005.3,-60.46,-932.2,0.77,-423.76,-89.34,2472.39,2105.3,4.37,21.12,-871.94,-7.86,41.46,71.04,20335.22,421.92,5,-279,18.73,-1384.2,4,154.86,
-279.48,1858.17,0.52,-14.34,17016.57,USA,3685.78,-186.13,Very low,590.16,-218.76,-862.43,-36.4,-115.78,-914.56,-47.53,-1155.48,-0.41,-6378.34,51.86,1820.04,2370.74,4.62,-66.21,-10272.34,-4.48,53.01,149.97,20708.7,249.66,3,-257.97,20.39,-303,4,172.81,
-199.68,1826.73,0.38,-13.46,9210.15,Rest,742.76,-406.3,Medium,485.31,-257.94,-297.01,-32.48,-120.74,-1544.82,-38.34,6485.19,3.28,-10587.44,-121.34,2515.99,2306.88,1.83,-8.79,-8594.14,-23.42,43.53,236.34,17248.82,-196.14,4,-358.89,18.38,-790.06,3,169.51,
-157.44,1237.17,4.24,-37.34,23154.3,Europe,2454,542.34,Very high,447.51,-264.39,-523.36,-39.76,2.86,-1430.12,-43.44,2505.26,4.23,-4764.66,-199.72,2580.54,2926.42,3.8,1.02,1843.77,-7.16,47.94,290.46,18684.62,299.04,3,-365.91,19.08,-1474.02,4,143.5,
-222.36,2232.33,445.3,-15.14,8267.91,Europe,4725.2,-325.52,Medium,492,-147,-952.01,-34.44,-109.7,-618.84,-39.71,-3989.85,5.33,4172,-56.6,2758.87,2194.08,5.72,-16.68,-11134.66,-4.9,53.61,305.4,28003.9,359.25,5,-295.71,20.85,-1080.44,3,259.58,
-522.48,1768.2,10.04,-22.96,16876.26,USA,3771.32,-219.85,Very low,-10.05,-283.62,-612.8,-38.12,8.98,-955.74,4.05,6721.99,3.3,-13984.44,-52.18,2017.12,2653.58,3.06,-44.25,-7959.1,-0.42,46.29,205.77,11005.88,626.46,4,-338.52,24.98,-430.02,3,216.11,
-160.35,996.36,4.88,-16.36,5179.44,Europe,3356.76,-57.19,Medium,455.58,-193.41,-423.62,-36.76,-10.4,-2314.98,-16.85,3189.6,1.86,-694.24,-87.26,1925.13,3501.04,0.46,-12.72,-8680.2,-4.48,54.03,206.1,21478.92,182.19,3,-268.62,18.58,-1955.26,6,217.1,
-76.35,2370.18,2.12,-15.44,18187.14,USA,4371.8,629.14,Medium,420.45,-282.84,-624.64,-31.92,-138.4,-1636.18,23.14,1258.89,8.35,-9439.4,-124.24,2727.06,1894.24,2.21,-13.8,-13186.01,-10.32,46.23,56.04,26268.72,264.18,2,-288.66,20.55,-2044.46,3,104.09,
-278.79,703.89,0.12,-22.98,-13223.16,Europe,4091.84,260.51,Very low,476.37,-348.09,-991.21,-34.02,-97.34,-1384.6,-24.83,6073.35,4.61,-9131.48,-185.3,1108.55,1457.3,6.87,-25.26,-8622.17,-6.14,53.73,-46.92,28396.34,200.07,3,-318.18,21.15,-1515.76,4,212.34,
-156.18,2439.78,0.88,-13.92,27806.31,Rest,4079.18,-55.69,Very low,449.97,64.05,-443.43,-36.18,-103.78,-2827.54,-29.81,2951.83,2.52,1955.96,-152.48,1869.69,2032.7,0.98,3.21,-4606.68,-12.46,88.08,162.48,24856.72,270.93,3,-382.14,19.21,-1188.34,5,143.59,
-419.04,1906.8,0.64,-17.4,7021.08,USA,2985.88,148.15,Low,484.83,-323.13,-386.97,-20.38,-115.68,-1282.5,-24.69,2321.11,6.25,-12540.02,-130.8,2778.78,2616.58,1.12,12.63,-7176.12,-16.26,61.35,428.25,25254.78,325.08,2,-340.38,19.76,-2890.04,2,80.04,
-214.44,1922.7,68.62,-12.16,10770.78,Rest,3495.64,143.03,High,393.81,-240.93,-485.85,-35.26,-145.5,-1232.34,-60.85,4986.34,8.29,-842.06,-179.32,2447.65,2337.52,1.65,-14.37,-4833.82,-5.36,68.1,44.55,26742.6,141.6,5,-174.03,23.4,-1170.48,3,179.28,
-184.83,657.45,0.3,-16.42,12917.97,Rest,2824.08,337.77,Very low,440.04,-389.22,-669.57,-43.38,-94.5,-2725.52,-76.64,6283.44,5,-5744.06,-58.58,2734.55,2460.84,2.4,-28.2,-12338.92,-8.44,48.72,363.09,9538.14,299.1,2,-312.57,20.26,-1443.28,7,190.19,
-56.64,1468.8,0.58,-14.62,-14738.73,Europe,3815.8,454.46,High,628.77,4.56,-821.39,-20.88,-124.58,-1274,-43.85,855.46,1.13,-17765.1,-118.3,2373.71,2812.3,1.89,-23.82,-6182.56,-4.44,48.9,348.81,16682.64,222.12,5,-315.03,18.69,-1574.94,6,155.21,
-247.11,1703.85,72.68,-21.06,13256.46,Rest,2869.38,93.87,Medium,658.2,-280.44,-517.71,-34.14,-51.26,-1528.74,-15.55,-2855.5,4.55,-12279.24,8.2,2693.96,1943.5,5.09,-5.13,-9478.41,-4.86,61.11,426.93,22788.78,571.23,4,-297.78,20.28,-905.52,4,122.03,
-38.22,702.63,4199.12,-22.22,14578.53,Europe,2141.04,200.13,High,504.93,-251.61,-671.31,-53.5,-68.88,-1438.82,-50.05,-308.3,0.9,-1056.22,-11.94,2037.73,2033.4,2.97,-2.79,-9935.51,-21.9,37.38,355.56,29333.8,167.22,9,-234.36,21.51,-1730.58,4,112.82,
-285.12,2659.86,1906.8,-21.32,11989.5,Rest,3887.52,76.53,Very high,514.23,-116.01,-273.26,-39.84,-31.72,-1254.66,-39.55,5215.81,7.97,-4151.84,-85.02,1647.6,2813.86,1.3,-11.34,-8973.56,-1.64,56.88,480.63,20206.66,201.42,2,-284.49,17.14,-1335.3,3,244.98,
-426.27,1944.54,10.22,-14.68,12997.95,Europe,4266.34,-501.15,Very low,333.12,-297.39,-233.45,-37.74,21.42,-1348.9,-38.68,1197.72,9.34,27.86,22.02,2741.01,3325.44,3.85,-14.85,-9840.33,-1.98,51.81,372.27,16008.3,340.32,1,-341.52,11.4,-1240.06,4,176.07,
-261.15,531.57,0.08,-12.94,14878.11,UK,2934.02,255.08,High,9.54,-137.1,-741.71,-47.32,-98.08,-2135.04,-26.86,7056.08,3.69,-11823.44,-139.36,2359.33,3122.14,5.14,-5.25,-9094.66,46,66,168.69,16917.18,0.45,3,-433.41,20.38,-2545.38,4,190.79,
-170.64,1747.74,2.92,-19.64,13378.62,Europe,2805.12,117.85,Very high,481.5,-444.78,-358.88,-38.36,-95.76,-1388.16,-85.66,1501.05,5.44,-13941.34,-249.92,1905.82,2658.86,5.76,-10.92,-8654.76,-0.02,58.29,422.1,28922.46,287.73,9,-258.87,25.17,-1051.82,4,244.27,
-343.38,1653.87,0.72,-19.78,7889.52,Europe,2851.74,36.59,Medium,484.29,-189.42,-138.44,-33.68,-122.7,-1678.58,-50.33,6301.77,-1.34,-17206.04,-161,2674.24,3581.64,4.27,-3.33,-10350.95,-8.16,57.78,359.94,22948.42,411.93,4,-400.32,21.34,-2158.46,4,199.29,
-290.31,1984.29,0.14,-13.06,-943.68,Europe,3344.02,142.64,High,553.08,-353.94,-587.14,-41.14,-32.66,-2479.78,-76.13,907.6,-3.02,-18507.44,-59.38,2776.79,2235.84,4.7,4.35,-13455.59,-11.7,59.91,443.13,18392,240.36,4,-372.54,21.99,-1711.84,3,176.74,
-103.8,1216.23,4.7,-30.42,7724.91,Europe,3369.8,-24.32,Medium,465.54,-158.01,-862.2,-35.46,-82.88,-1127.82,-25.2,4955.82,-2.11,-10139.2,-106.28,2307.86,1734.62,4.78,-4.62,-6079.13,-10.64,30.27,313.08,17990.38,390.99,3,-353.19,21.34,-824.26,3,160.49,
-313.23,1775.64,57.78,-24.98,10458.81,Europe,2377.6,573.26,Very high,447.57,-258.72,-816.61,-46.52,-129.94,-722.28,-14.05,2163.85,3.13,-12274,-25.82,2429.59,2785.32,1.03,-8.43,-12108.1,-9.42,39.72,372.63,35395.82,422.49,2,-354.93,12.28,-693.28,1,160.1,
-304.38,2614.89,5.64,-19.84,974.67,UK,4004.28,-53.56,Low,215.85,-386.61,-678.81,-35.76,-113.48,-1457.16,-1.68,2969.72,9.39,-11844.42,-20.38,2008.08,2554.9,1.19,-11.07,-7659.68,-14.2,39.54,288.84,20673.18,241.32,4,-353.82,25.89,-1347.74,4,175.57,
-152.31,2801.01,1.08,-19.46,12288.72,USA,4217.14,432.61,Very low,474.3,-276.42,-661.28,-31,-107.86,-1459.12,-10.04,6886.7,3.28,-6906.08,-82.22,2338.87,2888.94,4.34,-9.78,-11924.15,-6.3,47.37,391.98,20533.84,275.25,4,-403.65,21.37,-1123.38,7,233.24,
-51.69,1602.09,10.16,-17.02,-966.27,USA,3438.56,237.65,Medium,467.52,-292.62,-704.04,-35.94,-50.14,-854.78,6.36,2409.64,6.31,-8351,-21.16,1543.97,3172.34,2.12,-2.28,-5064.95,-7.96,78.42,197.28,8024.44,429.54,3,-414.24,18.05,-683.18,3,173.5,
-34.83,2918.04,15.18,-26.02,9151.47,Rest,3653.76,20.88,High,431.88,-212.34,-741.32,-59.38,-111.62,-974.96,41.38,214.11,-2.64,-10729.82,-62.06,2517.52,2725.74,0.78,-8.25,-7312.12,-8.72,49.11,214.92,12808.38,47.67,6,-312.12,14.03,-1179.1,5,169.36,
-222.48,622.23,43.86,-16.5,12387.21,USA,4018.22,-256.85,Very low,540.69,-254.25,-586.64,-36.68,-26.32,-1914.52,-45.52,1200.02,0.92,-12502.82,-91.38,2405.06,3033.18,4.05,-17.31,-6929.45,-13,33.6,293.82,18658.36,277.56,7,-240.84,19.55,-1423.36,4,184.48,
-188.55,1965.69,2164.94,-20.58,15173.64,USA,3583.64,-45.88,Low,588.12,-242.04,-360.9,-37.14,-149.02,-1825.74,-21.48,180.89,-0.57,-8288.92,55.94,2438.93,2757.18,6.68,-26.97,-13560.18,-18.52,57.18,409.26,16529.4,306.33,4,-301.47,17.67,-1615.74,4,194.03,
-191.16,2777.22,0,-18.68,16546.2,USA,5106.66,-527.12,Medium,436.38,-254.85,149.99,-41.38,-38.18,-1007.12,-29.2,3677.11,7.97,-10480.3,-217.74,2622.81,2080.2,12.24,-22.98,-11473.63,-9.42,52.62,128.7,19294.68,557.31,4,-147.27,22.22,-891.46,4,193.93,
-132.54,2216.58,9.66,-15.86,8574.66,UK,4388.54,243.79,Low,483.78,-382.56,-890.94,-44.08,-2,-1582.54,-49.3,2102.34,5.6,-7805.78,-109.28,2547.77,2146.5,2.02,-2.88,-13099.09,3,47.43,495.48,23774.46,119.46,6,-380.97,19.72,-1250.58,2,178.99,
-251.16,1505.43,1.06,-16,2538.24,UK,4835.34,105.76,High,286.74,-248.85,-292.18,-45.24,-92.38,-2381.28,-19.58,1511.15,1.29,-6111.82,-97.56,3002.11,2225.56,7.95,-1.17,-7874.65,-21.9,62.91,29.76,14195.24,168.33,4,-274.56,16.94,-1595.42,5,144.68,
-209.28,2133.9,1.46,-16.22,7759.62,UK,3935.84,233.23,Medium,450.84,-249.45,-522.98,-32.96,-8.62,-1504.12,-36.96,4338.69,-0.02,-22687.84,-167.6,2416.87,3016.7,3.59,-2.49,-8038.19,-9.86,51.84,234.45,17358.54,163.17,6,-408.87,22.26,-1765.24,4,176.4,
-28.44,3012.33,9.24,-19.3,-5364.63,Europe,3152.38,291.51,Very low,738.33,-173.82,-498.87,-31.72,-110.14,-822.2,-62.34,3234.21,5.97,-4468.28,-65.46,2572.61,2560.46,1.64,-24.81,-4374.9,-13.12,57.3,343.95,19362.44,251.61,4,-427.08,19.86,-2125.42,2,202.52,
-258.57,1083.96,3.1,-23.46,-9126.81,UK,3692.42,-136.66,High,493.08,-268.92,-661.17,-34.4,-160.94,-2032.3,-5.47,1620.74,4.91,-3227.1,-120.02,2434.91,3404.94,0.95,-17.1,-8759.49,-10.72,51.69,389.19,13426.48,45.21,3,-364.56,18.29,-797.32,3,141.21,
-347.73,1538.28,0.38,-21.82,269.58,Rest,3770.7,819.79,Medium,765.66,-218.58,-950.37,-34.32,24.1,-1631.76,-3.01,3139.15,7.61,-2600.12,-37.78,2725.14,2885.98,2.16,-5.58,-8223.76,-10.6,55.17,260.58,34770.46,194.4,2,-129,19.08,-1305.76,0,135.26,
-172.83,864.57,16.34,-15.86,6993.63,Europe,3705.62,439.86,Low,894.78,-311.73,-411.42,-36.74,-67.66,-1157.76,-66.82,2254.7,3.52,-4819.12,-120.56,2209.05,3083.52,4.61,-21.48,-5643.74,17.98,30.24,316.95,23684.16,440.1,3,-267.36,18.74,-902.68,4,79.59,
-237.3,850.68,18.84,-17.28,2345.61,Rest,4081.68,-298.85,Medium,364.47,51.96,-431.65,-35.86,-24.26,-1691.54,-29.78,498.65,10.6,-4938.66,-44.38,1887.17,2461.52,1.61,-12.24,-12309.06,-9.98,64.53,360.03,13134.18,381.09,3,-288.72,22.55,-1777.48,4,158.48,
-268.74,1860.93,1.56,-19.92,-16625.97,UK,3305.14,-566.51,High,392.64,-251.7,-106.72,-36.3,13,-589.38,-59.17,6956.74,-0.07,-11203.06,-65.76,2181.14,2334.52,2.55,-3.06,-9530.72,-21.42,51.51,216.24,27676.38,-8.88,3,-336.18,18.01,-1300.02,6,222,
-12.66,2885.49,112.14,-22.62,16513.38,USA,4033.54,149.36,Very high,677.31,-256.05,328.66,-37.68,31.92,-2581.26,-16.11,3321.53,0.57,-113.34,-108.84,2294.01,2497.78,10,-8.22,-12102.67,-6.82,50.4,139.02,30131.66,248.76,3,-533.28,19.64,-1442.82,6,144.34,
-123.36,454.5,0.14,-26.66,20750.22,UK,3846.6,546.08,Very low,544.35,-496.71,-382.83,-36.72,-113.68,-1313.88,-22.67,4737.85,1.69,-14456.3,-138.82,2141.57,3006.92,5.14,-3.27,-11723.19,-0.34,44.52,377.4,14261.46,93.78,5,-130.02,19.43,-1355.8,5,68.54,
-236.01,2391.51,18.9,-26.2,10230.54,Rest,4071.5,-58.78,Medium,568.29,-268.02,-945.17,-27.34,-123.68,-641.38,-24.86,3203.7,-2.37,1117.16,-3.24,2308.41,3039.14,1.28,-7.62,-8232.57,-17.92,47.07,235.47,16971.72,324.99,3,-265.77,23.32,-1953.7,1,171.01,
-208.53,-252.39,1.5,-18.16,14838.15,Rest,3785,-384.43,Very high,297.03,-159.06,-616.1,-35.98,49.26,-863.6,-16.16,3715.82,5.25,-9988.74,-23.46,3510.64,1956.26,2.83,-4.11,-12002.15,-15.76,53.13,395.73,17141.86,140.64,9,-265.14,20.31,-2499.52,6,198.72,
-257.55,740.37,3.42,-14.7,12604.92,UK,3676.02,436.96,High,473.31,-129.6,-683.9,-32.16,-4.68,-1949.94,-12.47,7631.95,6.05,4776.38,-89.4,2534.34,2608.72,10.2,-3.18,-13197.25,-17.22,44.52,307.26,24516.7,181.59,5,-357.06,22.78,-455.38,6,144.41,
-287.4,1765.29,5.26,-23.26,11455.11,Rest,4162.42,46.71,High,469.68,-265.23,-67.37,-52.04,-1.74,-1439.38,-20.93,679.14,-2.86,750.5,-71.92,2261.77,2327.3,5.67,-16.02,-9739.56,-20.34,45.81,115.2,29494.06,314.4,3,-283.02,17.91,-1711.86,6,158.15,
-272.49,2005.44,7.38,-13.16,5437.32,USA,4600.06,546.4,Very high,356.55,-559.89,87.05,-39.02,-110.22,-1795.42,6.72,4247.83,5.81,-18906.68,-35.66,2397.93,3538.28,5.73,-12.6,-14474.75,-5.14,45.75,550.83,19228.88,379.02,3,-305.25,27.93,-1366.88,3,137.28,
-253.08,159.6,0.26,-16.22,-1448.52,Rest,4072.46,927.69,Very high,415.32,-167.79,-103.73,-40.32,-113.9,-1406.44,-39.76,5468.48,-0.17,5366.26,-186.96,1794.69,2758.08,1.93,-11.61,-6381.94,-7.08,37.05,588.42,24419.42,188.61,1,-438.15,4.84,-2519.1,3,170.05,
49.8,1587.03,0.92,-20.22,16830.03,Rest,3626.36,-93.52,Low,449.64,-364.53,-277.91,-40.48,-18.08,-899.14,-31.72,3859.15,1.22,-8283.38,-39.9,2343.41,3546.68,11.05,1.53,-8255.18,-12.92,50.76,287.94,16823.22,233.49,6,-305.19,17.18,-2058.7,3,172.7,
-125.61,1228.44,78.14,-22.34,5486.94,USA,2470.68,20.31,Very low,449.52,40.02,67.35,-33.18,64.02,-521.26,-29.6,6473.38,4.49,-2035.14,-129.06,2544.67,2413.68,3.12,-0.57,-7634.96,-8.68,46.92,296.97,18611.24,210.18,5,-215.37,21.02,-1111.52,4,221.64,
-254.7,1858.32,0.48,-20.12,13932.9,USA,3089.7,-310.01,Low,440.97,-119.4,-700.03,-41.08,-99.28,-2791.38,-31.29,-3638.33,1.31,-9962.84,-81.74,1782.27,2465.82,3.38,1.38,-5344.64,-5.82,27.54,275.73,20570.34,212.85,5,-283.14,23.94,-1084.94,3,169.07,
-279.39,2676.39,1.16,-16.84,10250.67,USA,3168.98,95.68,Very low,443.85,-222.12,-876.39,-33.4,-107.6,-1597.8,-30.05,8921.5,2.08,-20066.86,-112.34,2642.67,2415.76,1.2,-9.12,-11220.04,-8.14,41.94,62.04,21816.64,209.85,9,-321.84,24.87,-1450.5,2,112.27,
-429.93,2179.41,2.56,-17.7,24157.44,Rest,4063.62,-48.69,High,342.75,-254.97,-687.18,-34.66,7.48,-1240.06,-18.19,7437.08,7.69,-13156.42,-65.92,2402.67,2206.1,3.22,-9.12,-7946.72,-6.82,56.31,393.51,18038.1,267.84,4,-370.17,19.84,-669.78,4,128.95,
-298.86,1467.9,2.66,-13.74,-4774.62,UK,3813.08,187.47,High,322.71,-164.46,-163.09,-35.98,121.44,-1996.5,-27.55,940.18,9.89,-13623.84,-138.76,2632.07,2911.32,1.52,-28.74,-8472.17,-7.84,44.73,294.84,22012.78,354.27,4,-490.74,21.24,-1536,4,227.81,
-182.73,2166.54,98.72,-13.72,-2425.17,Rest,3571.6,802.66,Low,499.23,-330.06,383.56,-45.32,-77.5,-2196,13.59,9024.97,12.02,-5209.08,-143.28,2732.2,1908.34,1.16,-6.93,-12887.71,-8.74,25.77,572.4,21338,124.29,3,-287.58,19.64,-1834.4,4,157,
-142.08,1724.04,3.3,-23.24,3197.46,UK,3755.9,-77.21,Very low,516.3,-209.55,-263.55,-31.58,-140.8,-2646.62,-32.1,2762.95,7.1,-5966.9,-75.88,2361.16,2788.96,12.35,-14.46,-10815.98,-8.3,47.31,197.22,24996.2,158.67,3,-318.66,19.2,-334.88,4,196.13,
-318.78,1615.62,3,-21.58,7228.8,Rest,3895.7,425.15,Low,445.47,-354.72,-140.49,-48.86,-188.02,-918.24,-74.08,2305.83,6.25,-9726.64,-144.98,2108.5,2394.6,4.47,-7.71,-9078.94,-14.46,57.78,268.14,17359.16,180.54,6,-240.21,19.89,-1314.6,4,193.73,
-228.54,-390.6,5.72,-20.3,2841.27,Rest,4597.66,-358.94,Medium,478.26,-347.64,-914.44,-30.34,-136.32,-348.14,-24.82,-2699.56,4.43,-6286.02,-146.34,3360.25,2373.82,0.39,-10.17,-8984.6,-12.74,60.69,230.16,14825.88,227.55,3,-340.35,14.45,-910.9,5,194.75,
-126.72,1494.12,2.82,-12.96,377.34,USA,2723,-243.81,Very high,509.61,-287.85,-669.1,-31.22,-22.92,-1995.16,-32.54,6703.84,5.18,-6613.56,-69.72,2228.75,2556.02,4.05,-26.52,-11677.16,-7.54,53.49,60.3,20645.2,190.29,3,-554.76,24,-1053.68,2,198.47,
-213.99,2642.76,20.6,-17.18,-7853.46,USA,3771.22,986.74,Medium,245.7,-205.89,-315.04,-24.12,-91.76,-1496.62,-13.05,424.02,5.05,-12183.64,-110.1,2074.92,2478.68,5.67,2.97,-2034.46,-7.82,66.69,335.73,24121.32,220.68,2,-382.65,19.46,-1561.82,0,158.8,
-128.94,2570.73,856.84,-17.14,57.36,Europe,4932.94,-465.08,High,485.64,-247.53,-826.5,-28.42,-28.96,-811.62,-5.41,-548.31,3.23,-3154.88,-120.56,2294.43,2908.4,1.13,-17.31,-8370.88,-6.66,47.64,297.42,15065.92,254.79,7,-324.48,22.74,-1002.8,8,210.86,
-231.09,-267.24,0.06,-41.18,-8620.8,Europe,3993.7,145.19,Medium,497.67,-262.77,-302.95,-40.52,-148.42,-1984.88,-36.02,542.69,6.15,-6680.14,-17.8,2479.53,2371.5,3.87,-49.32,-5418.15,-5.22,37.95,246.93,14738.04,221.04,6,-376.26,26,-1086.22,5,179.36,
-320.52,1408.68,0.18,-22.52,16626.99,Rest,3534.62,275.23,Very high,330.24,-232.8,-596.49,-42.94,-122.6,-1655.66,-59.81,-506.27,-1.19,-9498.76,-27.88,2076.93,2099.42,1.66,0.84,-8383.74,-18.56,48.87,363.54,19167.76,224.88,5,-395.34,25.87,-1342.24,7,122.54,
-180.78,2866.5,9.64,-14.24,16972.56,UK,4265.24,548.63,Very high,399.18,-197.16,-370.94,-46.14,-115.72,-1797.9,-14.33,6204.5,4.42,-7836.96,15.3,2303.59,2890.28,0.56,-16.5,-5811.84,-16.98,50.97,120.78,17848.32,231.33,5,-270.3,24.04,205.42,0,228.78,
-262.92,3196.41,0.06,-18.28,1286.46,Rest,3783.78,322.75,Very low,394.11,-243.3,-1160.16,-34.18,12.6,-2059.84,15.16,562.01,-1.28,238.48,-68.9,2397.49,2924.06,2.99,9.18,-9326.31,-5.16,49.47,487.77,17664.42,707.97,4,-297.96,16.13,-1211.16,7,215.5,
-193.35,1749.72,3.86,-30.12,6569.91,UK,4081.82,241.82,Very high,417.03,-285.75,-418.21,-34.78,-83.28,-1533.9,-54.3,1772.46,6.82,-12843.04,-49.88,2607.07,1671.7,0.11,-9.45,-13117.31,-2.82,54.54,398.28,20875.64,276.33,6,-397.62,17.79,64.4,9,82.55,
-318.15,1820.43,6.3,-22.76,24309.42,Europe,3983.08,-44.14,Medium,595.23,-316.11,-1280.9,-34.7,-44.46,-1784.48,-81.11,108.72,1.95,-11422.7,-100.58,1963.76,2324.04,4.61,-3.06,-9334.67,-22.9,56.13,241.17,26838.76,311.43,3,-246.57,21.23,-1272.22,7,173.21,
-280.62,601.5,0.22,-22.36,8954.19,USA,4584,-110.88,Very high,404.34,-372.96,-675.87,-35.72,55.76,-797.7,-20.55,1087.63,9.43,-18564.72,-187.24,3041.44,2834.18,5.62,-22.92,-12477.45,-10.8,54.72,345.36,25551.6,39.45,2,-242.55,22.28,-475.58,2,182.68,
-260.64,2520.09,20.62,-33.64,14103.54,UK,4108.56,403.88,Low,865.26,-383.58,-554.42,-37.34,-79.52,-1204.36,-27.07,6023.34,-0.02,181.2,62.8,3706.19,2700.08,2.12,-13.44,-10892.75,-20.28,45.63,253.5,22878.08,214.8,7,-356.91,27.33,-1607.78,5,250.38,
-333.27,1393.89,0.14,-25.8,26417.85,Europe,2684.32,459.49,Very high,598.05,-236.01,-526.63,-34.32,-41.36,-385.6,-53.44,3755.61,-0.19,-4126.44,-87.06,2275.93,2088.78,5.56,-13.41,-3169.37,-8.98,48.42,235.8,17255.72,412.29,6,-236.43,18.6,-1298.92,2,223.72,
-252,1321.98,1,-23.54,-959.49,UK,5003.06,57.16,Very high,450.96,-282.18,-583.3,-39.4,-160.36,-2003.68,16.81,-1723.13,-2.59,-4288.52,-3.26,2507.81,3005.44,3.04,4.74,-9668.9,-17.6,42.81,297.06,23268.9,521.67,2,-284.79,20.7,-2419.86,2,171.98,
-189.45,1668.93,0.06,-15.42,3220.77,USA,4995.26,-245.09,Very high,475.56,-319.47,-1007.24,-38.4,-21.04,-1826.9,-10.59,5967.59,7.89,-13373.8,-12.76,1785.7,2855.8,1.33,-1.05,-8333.9,-8.26,42.48,301.59,14347.68,164.52,6,-319.08,16.16,-2207.24,3,176.87,
-230.07,2516.31,0.26,-13.04,18944.97,UK,3633.28,-149.06,Very high,476.64,-220.62,-726.41,-19.52,-159.24,-1164.9,-2.74,5106.73,7.12,-8331.74,-186.92,2613.42,2849.66,2.8,-11.19,-10701.48,-5.26,45.96,248.07,27496.9,263.7,1,-463.8,7.94,-2764.66,1,134.34,
-275.4,2728.11,6.76,-16.92,5002.29,Rest,5273.04,378.65,High,501.3,87.63,-187.99,-56.36,-81.78,-697.2,-23.45,2866.48,0.89,-13196.08,-6.1,2389.1,2521.68,1.14,-10.62,-10539.87,-8.88,33.78,197.94,18789.54,395.28,2,-395.73,16.33,-2133.6,2,125.67,
-160.29,2552.43,0.6,-16.1,9552.45,Europe,3954.52,60.71,Medium,362.4,-325.29,-206.33,-17.64,-44.32,-640.32,-52.82,2277.31,2.26,-6221.8,-58.7,2497.34,3127.28,8.14,-6.72,-9398.64,-4.72,90.18,553.05,19496.3,664.26,4,-488.76,16.81,-1113.5,3,109.64,
-222.21,1308.6,13.86,-20.12,5507.88,USA,3556.54,-105.26,Low,502.98,-266.25,-515.65,-41.04,-45.2,-731.24,-57.59,6154.81,2.39,-4995.92,-173.66,2081.74,2119.52,6.2,-8.82,-9685.05,-14.24,45.12,257.34,25440.84,12.84,5,-215.97,28.23,-1175.96,1,104.27,
-329.79,2334.84,1.1,-16.2,14382.06,UK,4139.26,156.42,Low,549.78,-452.97,-501.51,-40.82,-104.48,-1305.54,-36.51,-4551.62,4.15,-3979.42,-110.36,2280.52,1801.44,4.77,-7.62,-8052.45,-11.8,73.17,271.02,23164.4,338.79,3,-293.46,19.01,-1315.22,6,188.77,
-275.85,1217.28,0.14,-19.46,3468.45,UK,4769.16,-116.87,High,746.97,-264.87,-388.71,-31.08,-48.14,-2270.02,-58.98,-1657.92,8,-9504.9,-69.34,2506.23,2884.58,2.4,3.03,-9247.47,-0.5,49.74,331.08,24802.3,207.57,2,-431.52,21.76,-908.4,4,168.13,
-223.47,2264.58,541.48,-37.38,-422.82,Europe,6297.92,-29.86,Very low,469.92,-148.5,-842.85,-49.14,-115.3,-1492.98,-53.52,2348.83,5.42,-2057.66,-110.7,2023.85,3160.9,2.01,-20.88,-10133.43,-6.4,44.28,276.66,19273.98,208.2,3,-378,22.62,-1348.16,3,171.17,
-179.22,1133.58,0.28,-20.36,-1203.03,UK,3943.44,357.46,Medium,394.44,-171.21,-620.56,-68.98,-108.48,-1316.46,-36.93,3545.39,2.27,-7223.36,-221.02,2484.54,2695.34,1.96,16.2,-8691.35,-11.52,64.11,413.49,18288.42,410.25,4,-307.56,20.1,6.22,3,161.68,
-229.68,1053.33,0.26,-15.38,14965.56,Rest,3032.06,283.11,Medium,504.09,-240.06,-901.43,-36.78,-122.08,-1902.36,-31.98,5520.85,5.98,-13836.96,-40.7,2374.18,3322.38,7.51,-8.34,-9231.76,-15.56,57.87,474.48,20564.78,255.99,3,-288.84,19.57,-528.38,4,162.86,
-431.04,1690.17,1.08,-16.6,9025.17,USA,3449.32,92.13,Low,642.6,-218.04,-206.25,-36.9,-53.06,-1214.62,-35.84,-1929.93,0.02,524.26,-54.68,2369.33,1491.82,1.58,5.1,-6175.28,-5.84,48.42,252.99,19156.36,128.7,2,-321.78,25.96,-1434.08,2,180.52,
-273.96,1480.86,0.42,-14.98,10079.04,USA,4351.16,322.67,Medium,496.02,-68.61,-490.56,-42.88,-27.14,-921.4,-8.71,3051.78,2.1,-14407.44,-141.2,2016.56,1946.3,2.27,-12.03,-13980.4,-3.6,6.51,372.24,30327.88,422.01,2,-346.2,21.74,-1849.04,3,169.07,
-299.13,2256.48,0.04,-15.84,10144.62,UK,4080.72,-2.15,Very low,388.89,-300.48,-455.26,-39.04,-10.88,-1916.06,-52.25,1368.68,-0.78,353.78,-142.36,2446.08,2757.76,4.71,-22.56,-7922.11,-34.06,33.45,248.55,22103.18,241.59,5,-214.41,16.01,-919.66,6,147.01,
-267.54,2599.26,0.14,-15.26,1493.1,Rest,4628.38,-162.96,Very high,121.53,-134.28,99.54,-38.62,-12.88,-951.4,-39.68,921.61,5.04,-4531.46,-63.78,2658.7,2922,14.78,-5.88,-8455.28,-8.68,28.68,295.32,21890.88,302.85,2,-405.54,23.26,-169.8,3,89.12,
189.48,1563.81,0.08,-14.48,8257.62,USA,4269.42,-1.35,High,240.3,-224.76,263.73,-36.26,-27.3,-1469.32,-68.55,2476.47,-0.74,-6233.04,-133.96,2338.76,3424.8,1.48,0.21,-5761.82,-5.04,61.14,278.13,21948.5,157.89,4,-469.41,22.74,-1026.34,2,175.59,
-201.81,1271.34,0.42,-19.96,7968.33,USA,3797.48,113.83,Low,524.85,-217.74,-1010.96,-41.3,-92.58,-1492.1,-46.1,3905.4,2.2,-3151.5,-63.14,2071,3107.36,1.22,-6.96,-7307.45,-7.18,52.59,308.31,25018.42,99.87,3,-298.8,31.68,-1243.2,7,158.7,
-179.13,1316.73,27.42,-13.76,12469.56,Rest,6441.52,-225.15,Very high,559.65,-307.83,-689.19,-36.44,-81.78,-364.52,-13.25,-5439.69,6.62,-19956.36,-107.34,2483.37,2434.5,3.17,-21.57,-7499.92,-8.86,61.29,319.2,26597.1,244.53,4,-219.39,21.04,-948.3,6,242.8,
-85.62,1460.88,2.32,-15.92,29910.12,Rest,5090.7,571.94,High,490.26,-251.22,401.67,-37.7,-90.08,-1399.24,-3.15,-3415.24,-0.64,-18343.44,-25.98,2654.02,3311.64,1.21,-4.44,-13390.24,-7.2,28.32,357.75,24784.2,294.48,4,-333.24,18.68,-1380.82,4,325.03,
-202.17,2441.28,0.4,-19.32,8048.19,USA,4029.98,286.99,High,444.6,-294.21,-436.92,-43.38,-114.06,-1301.66,-31.19,4355.35,3.81,-6151.7,-2.86,2391.11,2525.36,2.62,-7.65,-11545.36,-42.1,40.68,299.28,16294.7,254.49,2,-480.42,20.7,-731.2,4,152.59,
-257.55,1661.61,3.28,-14.72,7703.04,UK,2773.18,285.52,Very high,555.63,-309.12,-868.2,-21.7,-163.86,-1654.32,-48.63,3447.19,0.38,-8502.28,-79.1,1888.94,2982.32,5.65,-6.39,-14173.02,-8.58,35.13,686.61,22182.74,204.75,5,-189.93,21.36,-913.76,4,161.21,
90.63,292.86,0.8,-25.46,312.15,Rest,4079.42,476.61,High,548.97,-282.84,-791.8,-35.6,-171.92,-1664.02,-7.7,-1422.12,5.49,-8809,-151.96,2448.34,2143.86,1.94,-24.33,-17534.11,-6.4,40.02,408.57,10171.4,118.2,4,-281.28,26.49,-1335.5,6,205.79,
-262.29,2405.49,0.2,-12.8,18224.97,Europe,3259.84,125.53,Very high,419.1,-511.92,-919.75,-34.92,85.94,-983.54,-35.68,1193.87,-2.32,-12017.64,-111.02,2592.36,1526.3,7.89,25.71,-10998.95,-35.58,57.03,457.41,23922.62,278.67,6,-379.02,11.48,-1747.24,2,158.73,
-158.88,2245.56,0.6,-19.96,10217.19,UK,4233.54,-247.68,Very low,460.17,-201.51,-508.05,-49.12,-146.94,-372.86,16.89,-384.55,8.14,-9178.52,-61.76,2119.46,2998.36,6.81,-4.14,-10799.07,1.4,43.05,401.97,25431.44,449.13,4,-266.55,20.25,-2437.42,5,107.2,
-424.05,1966.86,1.9,-16.5,2368.53,UK,4017.72,509,Very low,395.82,-293.43,-991,-27.78,-74.04,-455.84,-74.51,5197.33,1.41,2936.48,-96.74,2764.46,2664.44,2.22,-12.66,-13613.87,-7.74,62.19,266.49,24539.82,341.4,4,-361.11,16.27,-573.36,2,134.97,
-143.04,1850.94,1.16,-13.6,8127.39,UK,3577.3,50.34,Low,391.35,-212.1,-330.55,-29.98,-124.76,-2714.92,-0.49,571.9,11.04,-16773.98,-94.64,2262.69,3422.22,7.08,14.97,-5534.9,1.38,45.57,108.84,29681.62,333.48,2,-409.86,17.8,-1357.32,7,224.51,
-301.53,2809.26,7.76,-13.38,11905.65,USA,3910.22,243.97,High,368.88,-115.29,-741.81,-35.64,-84.44,-826.32,-54.76,4283.07,1.34,1589.74,-111.2,2260.06,2765.62,10.38,-4.98,-7830.86,-19.8,39.48,164.55,14707.08,400.08,5,-355.35,21.18,-1509.64,4,170.66,
-228,2126.46,11.58,-20.34,2204.28,USA,5306.28,-102.57,Low,506.07,-288.24,-402.82,-41.14,38.02,-391.04,-44.4,-920.82,3.34,-7075.86,-107.94,1700.2,3031.56,1.38,-14.61,-12501.83,-1.08,52.29,368.79,23187.56,275.43,4,-365.85,20.89,-1451.74,5,155.93,
-467.37,2341.02,59.88,-14.98,15198.45,USA,4655.26,15.92,High,451.56,-51.93,-493.95,-37.56,-33.62,-392.1,-38.92,-1382.72,4.35,-9162.6,-76.32,3108.08,2762.58,7.22,-1.65,-13111.54,-2.3,60.54,500.19,18706.3,198.15,5,-405.66,28.69,-1921.8,8,172.2,
-258.24,2272.44,21.3,-21.42,307.11,USA,3349.04,495.41,High,419.61,-11.07,-641.02,-31.16,-17.46,-1563.06,-48.84,3789.59,-0.46,-13140.3,-197.08,2303.34,3476.7,0.78,-11.16,-6478.51,-13.84,54.15,269.97,33811.42,332.34,1,-369.66,17.13,-699.9,4,193.17,
-192.24,1775.76,0.16,-18.84,20784.63,Europe,3265.72,169.46,Medium,377.64,-385.23,-191.29,-36.14,60.02,-808.56,-18.46,2923.57,3.02,12476.82,-105.42,2410.03,3613.74,4.73,-15.03,-8866.83,-16.48,52.89,282.99,16863.84,130.86,2,-390.42,22.27,-745.4,4,217.63,
-227.46,917.1,3.7,-31.22,2111.07,Rest,3859.72,512.24,Low,497.16,-248.82,-543.12,-36.88,10.4,-2714.26,-11.16,3070.91,-3.59,-18221.82,-111.22,1662.4,3070.96,0.81,-7.59,-3806.12,-3.56,45.3,274.71,18948.82,50.91,3,-415.41,16.96,-1874.98,0,160.57,
-406.17,614.07,361.06,-12.94,14342.94,UK,3857.08,198.83,High,773.7,-200.04,-820.97,-45.58,-54.26,-1350.84,-0.82,-2430.88,8.03,-12758.6,-70.04,2324.75,2527.36,2.65,-13.98,-9638.75,-12.16,57.51,246.21,23364.58,372.42,5,-312.39,18.5,-902.54,6,141.17,
-27.93,1486.8,0.48,-29.92,5220.03,Europe,3756.34,299.24,High,578.1,-41.67,-335.44,-33.88,-92.5,-1666.66,-45.72,445.39,-1.32,-15055.82,-21.86,2629.99,2428.22,6.54,-5.37,-10870.17,-4.26,21.39,384.75,18628.2,117.24,8,-503.64,17.67,-1155.28,5,184.2,
-153.81,378.3,0.36,-16.86,4360.68,Europe,4629.28,467.06,Medium,460.89,-206.67,-332.94,-28.04,-31.98,-1821.26,-11.6,1536.6,1.43,-964.82,-142.54,2546.82,1593.08,3.61,-16.74,-12684.48,-8.22,45.96,178.38,27761.18,284.64,2,-427.02,23.03,-2142.44,2,179.04,
-249.45,1692.48,43.04,-39.04,345.87,Europe,3789.96,-142.04,Very high,402.78,-247.8,-131.24,-17.78,-166.88,-1530.58,-7.04,4101.06,3.84,-1589.8,-115.88,2511.6,2667.7,1.57,-1.44,-2523.36,-5.42,51.99,428.4,29188.18,25.68,5,-299.01,33.59,-1809.1,1,176.56,
-267.57,2722.35,1,-18.52,13806,UK,3770.96,21.3,High,623.46,-198.96,-379.95,-36.62,-62.68,-943.84,-12.72,-2805.62,-0.83,-10350.32,-172.84,2153.36,1441.32,0.74,7.17,-14608.95,-6.76,43.23,160.47,20584.5,705.66,4,-392.82,22,-1544.26,2,194.15,
-297.06,3027.72,1.98,-18.6,11769.81,Rest,3279.42,-59.17,Medium,633.87,-242.82,-443.66,-39.22,-105.48,-1335.76,-12.23,3453,5.07,-13093.06,-84.78,2211.34,2946.08,3.24,4.53,-3737.82,-12.4,59.85,319.08,20267.1,43.59,6,-288.57,15.1,-1549.62,1,207.36,
-176.79,1291.89,498.7,-14.62,1044.12,Europe,6093.92,224.61,High,240.96,-41.28,-342.66,-29.44,-82.3,-1760.9,-25.09,4051.56,3.95,-11058.2,-30.3,2755.37,2566.64,4.95,-6.39,-6281.28,-1.74,48.78,168.99,11578.46,26.13,4,-121.59,12.21,-2332.48,4,210.34,
-222.42,2820.03,45.16,-16.56,12417.75,Europe,5059.62,-511.69,Low,570.03,-378.6,-659.83,-31.5,-131.88,-1644.46,-10.08,6516.93,6.82,-3846.36,-18.42,2527.8,3641.18,4.19,-1.92,-6321.55,-12.28,11.55,288.75,23958.26,162.87,4,-286.5,22.12,-2348.12,5,203.23,
-270.6,1748.25,5.32,-25.58,2514.36,USA,3616.02,29.39,Medium,574.41,-275.19,-1154.41,-40.8,-45.92,-1748.94,-32.63,4311.09,2.95,-5189.02,-24.78,2489.88,2573.26,3.95,-1.62,-7859.67,-15.96,75.09,391.92,22287.3,242.37,3,-425.31,22.49,-1025.76,6,229.01,
-88.77,2509.95,4.5,-14.22,439.74,Europe,3792.3,-93.09,High,658.71,-172.83,-188.41,-40.86,-1.4,-1211.84,-34.83,985.1,7.02,-3170.5,-137.94,1334.05,2031.92,1.22,-13.38,-10525.84,6.26,50.76,228.45,18762.24,287.64,7,-410.67,27.98,-2087.42,5,172.77,
-300.54,1892.85,0.92,-17.9,5802.33,Europe,3250.54,204.95,Very low,539.46,-332.73,-547.4,-38.92,-140.76,-1656.48,-1.55,1813.65,8.37,-12626.34,-45.5,2422.73,2371.64,4.04,-5.43,-7725.75,-3.56,43.2,143.16,13258.44,277.68,7,-356.25,28.49,-1603.4,7,216.16,
-84.78,2366.13,0.02,-26.46,-6994.02,USA,3717.54,365.71,Low,477.42,-295.2,-592.97,-26.6,37.74,-1233.16,-27.93,827.3,0.37,-12650.74,-51.46,1982.42,2139.52,1.64,-10.8,-7008.52,-9.02,39.9,316.32,18248.7,275.82,7,-400.53,18.11,-681.16,5,198.12,
-588.33,3732.51,62.92,-27.06,10863.45,Rest,3086.58,-118.13,Very low,511.35,-307.74,-327.13,-36.6,-123.06,-1037.7,-48.42,9503.62,-1.29,-2018.04,10.86,2434,2224.66,3.97,-12.81,-7220.87,-19.04,57.48,346.29,20281.68,303.42,5,-360.06,25.53,-554.9,3,232.52,
-221.25,1969.74,1974.06,-13.12,8391.78,Rest,3040.48,355.03,High,532.23,-266.04,-935.08,-42.72,-113.64,-1811.82,-111.42,498.19,1.3,12818.9,-185.08,2636.48,1943.24,5.72,-14.34,-4610.34,0.74,40.53,302.61,21676.14,267.54,3,-283.95,17.19,-2524.04,6,230.14,
-139.62,-247.41,1.38,-13.36,9645.72,Rest,4491.72,284.93,Very low,442.08,-388.59,-554.1,-40.42,-50.4,-2001.54,-5.57,564.99,4.94,-11817.3,-38.1,2601.81,1775.72,9.46,-7.68,-8876.81,-7.76,71.25,357.39,13634.6,222.48,3,-247.29,25.08,-1753.7,4,123.44,
-261.81,932.34,0.02,-13.56,3865.68,Rest,4819.16,-51.62,High,390.93,-266.1,-183.51,-41.6,-98.88,-1608.04,-66.62,6223.07,1.82,-3581.24,-193.2,2389.17,3184.56,1.45,-32.04,-8663.36,-10.76,69.63,293.37,23661.88,418.74,4,-229.05,23.38,-1515.92,3,197.02,
-201.69,1412.49,0.44,-23.9,18310.47,Rest,4526.88,54.68,High,455.7,-154.11,-490.75,-22.68,-39.7,-1855.52,-8.39,-1578.99,3.61,-2085.84,3.64,2228.78,2099.28,6.66,-28.11,-8120.59,-9.08,29.58,233.52,13787.18,197.34,2,-147.39,20.13,-1300.9,4,161.95,
-25.89,3045.84,0.66,-23.12,21190.83,USA,2826.14,-27.31,Low,225.06,-390.18,-630.87,-25.52,-65.8,-2191.14,-27.71,4455.15,2.62,-10029.32,-158.88,1503.43,1897.66,4.88,-11.7,-7447.26,-21.46,60.72,154.26,19220.38,213.06,6,-547.02,16.68,-169.08,3,177.75,
-338.52,2110.44,11.72,-17.7,25984.86,Rest,2896.96,125.42,Very low,116.19,-283.89,-185.43,-34.9,-85.66,-1444.38,25.5,-916.76,4.47,-1535.58,-188.12,2287.09,2172.26,6.71,-2.07,-11607.42,-6,50.94,236.94,20514.64,71.25,5,-299.49,20.26,-461.22,4,133.18,
-236.91,4234.59,0.46,-18.68,14382.42,Rest,2645.22,277.56,High,513.03,-271.77,-351.27,-40.54,-84.98,-3004.18,18.66,5059.03,6.19,-14629.34,-107.62,2363.88,3158.26,2.1,6.75,-9077.26,-6.3,50.28,327.66,24276.86,230.01,6,-265.5,16.36,-2209.42,3,14.52,
-172.5,1542.03,0.18,-13.58,11624.07,UK,6705.72,46.35,Very high,775.02,-251.85,-565.42,-21.58,-17.62,-1730.18,-57.8,3013.82,3.42,-9034.7,-97,2532.29,2172.56,4.7,0.9,-9980.29,-12.62,53.88,40.77,26765.38,492.84,2,-425.94,20.34,-2118.26,2,244.28,
-293.82,4037.07,4.6,-25.74,17054.64,Rest,5453.52,8.83,Medium,903,-343.89,-486.23,-37.14,-155.84,-1678.8,-57.43,4370.73,-0.81,3095.52,-143.44,1745.84,2492.76,5.6,9.93,-10736.7,-15.24,51.06,284.4,27495.44,452.04,6,-353.25,15.97,-2845.02,3,219.58,
-355.08,1589.28,10.18,-16.84,-3476.49,Rest,4066.02,425.7,Very high,391.44,-176.1,-1035.8,-43.84,-24.92,-1295.26,-88.22,6532.56,0.9,-14549.9,-67.34,2542.94,3261.34,7.92,3.45,-13269.54,-27.98,41.19,275.85,27240.86,250.89,6,-308.13,18.96,-1661.5,5,185.81,
121.44,656.43,4.18,-15.88,-8770.83,Europe,4564.14,-282.67,High,399.63,-200.22,-349.23,-35.08,-16.02,-815.52,-8.2,8248.6,-2.01,-7663.34,-163.12,2283.22,3081.14,2.19,20.04,-11290.01,-3.96,30.57,283.11,23747.36,322.86,5,-263.16,17.46,-750.26,5,133.32,
-234.18,1714.32,0.5,-13.22,3532.95,USA,3043.52,4.86,Very high,519.9,-280.5,-775.47,-45.66,12.64,-1608.36,-11.98,-1552.56,2.59,-18175.78,-122.72,2415.25,3525.44,3.29,-18.72,-3638.81,-8.36,51.09,224.25,22927.42,178.62,3,-298.5,20.55,-1206.84,2,175.87,
-135.84,2539.47,21.2,-14.22,8978.01,Rest,3028.08,196.54,Very high,379.02,-84.3,-787.56,-35.96,-117.68,-2704.54,14.29,2788.99,-3.17,-13472.3,0.48,2225.59,2623.36,5.44,-7.74,-9068.49,-10.86,44.67,281.58,17100.36,182.52,5,-360.09,21.12,-1983.54,2,207.39,
-227.97,1824.42,0.6,-17.74,9096.93,Europe,3606.98,338.68,Medium,465.27,-263.64,-273.83,-38.52,-34.36,-1723.06,-49.11,-104.31,2.44,-10609.74,33.96,2236.17,1601.64,3.95,-11.37,-13648.38,0.38,38.79,370.17,18269.82,261.3,7,-370.29,20.74,-1312.26,5,156.92,
-199.44,1193.16,0.02,-16.2,5222.52,Europe,4825.04,479.55,Very low,524.34,-234.45,-564.95,-34.28,-93.84,-1435.34,-22.27,3522.34,5.09,-5176.7,-89.16,2339.75,3139.58,3.85,-7.59,-4105.53,-4.12,39,225.93,25009.44,359.1,2,-271.41,23.8,-753.24,2,200.25,
-402.06,921.09,0.24,-16.56,28652.28,Rest,2639.56,-255.48,Very high,547.08,-345.24,-867.03,-41.92,-5.24,-1895.4,-44.72,3237.76,4.45,-16953.96,55.78,2571.72,2697.98,1.17,2.94,-2584.67,-8.08,54.78,300.93,20066.92,173.97,2,-371.64,17.09,-1641.7,4,129.07,
-118.38,40.32,2.44,-27.58,8440.26,UK,3799.54,-472.58,Medium,665.94,192.39,-137.63,-23.7,-187.7,-2579.14,10.18,-2712.49,4.29,-3163.9,-117.1,2078.55,3027.3,0.09,-0.09,-7412.79,-2.38,44.4,264.48,22631.9,336.69,2,-289.83,19.44,-1686,4,142.56,
-378.57,888.06,4.44,-20.7,-4157.94,USA,3675.98,56.93,High,587.4,-240.33,-642.49,-41.5,-126.16,-1630.84,-98.46,1784.47,1.74,-15556.74,-29.4,2646.4,3144.2,8.17,-19.5,-9577.69,-8.4,47.55,359.52,22238.86,193.26,2,-285.18,18.91,-142.82,3,189.32,
-142.71,4153.95,0.2,-22.4,27496.8,UK,3524.38,348.31,Very high,440.97,-45.6,-592.33,-44.54,3.94,-1337.88,-54.45,4034.52,8.16,-11744.3,-110.58,2062.71,3153.18,0.69,-6.6,-8839.08,-0.5,65.4,200.1,20692.02,382.59,5,-341.73,15.01,-1576.02,4,207.23,
-398.7,1230.78,0.66,-29.98,18984.48,USA,3899.62,596.36,High,326.34,-274.86,-365.95,-32.28,-6.96,-1705.8,-38.99,5430.75,9,-18675.38,-114.9,2244.01,2856.72,11.05,-16.44,-8371.66,-7.26,4.65,210.78,22138.58,7.35,2,-547.65,20.41,-1133.58,4,170.1,
-302.94,888.84,0.14,-23.42,7465.71,USA,5333.16,-66.59,Low,78.18,-198.72,-936.53,-54.92,-85.72,-2532.18,-13.81,2103.01,0.26,-15767.22,27.7,2334.81,3023.02,2.23,-21.51,-8360.34,-1.32,35.73,362.94,15847.16,285.27,5,-344.37,19.69,-926.6,3,56.46,
-339.87,531.15,51.86,-13.48,19541.73,USA,4207.46,61.85,Very low,168,-248.64,-618.65,-25.86,-134.22,-1325.3,-55.32,943.67,4.21,-23151.86,-182.94,2958.65,2115.94,6.48,-3.54,-10991.61,-3.96,53.76,303.48,19625.86,195.81,4,-334.89,15.85,-1773.26,3,138.02,
-162.24,2103.72,34.36,-23.86,12630.48,UK,3456.82,19.13,Very low,595.44,-265.92,-953.43,-39.08,-18.94,-1692.8,-53.05,5065.54,2.68,-6238.94,-126.06,2253.29,2271.02,2.61,-9.21,-7433.83,-2.78,39.39,507.78,24580.12,249.39,5,-284.7,20.81,-2357.86,2,224.75,
-407.46,2130.84,0.12,-20.24,-2300.1,Rest,2117.1,-42.94,High,497.91,-252.42,-643.02,-35.04,-120.24,-1040.54,20.16,3760.61,7.97,-10856.96,-45.62,1665.32,1912.1,2.36,10.92,-10153.37,-8.08,48.33,120,25507.36,220.77,5,-418.62,20.71,-1133.96,3,120.08,
-317.52,1595.67,2057.74,-18.7,24419.88,Rest,3884.64,134.98,Medium,335.13,-259.59,-396.81,-44.16,-8.8,-2081.14,35.54,4183.63,4.56,-7334.5,-130.98,2261.41,1738.46,6.53,-18.03,-11454.54,-9.2,8.91,374.25,15848.32,357.18,2,-380.01,20.72,-1443.4,4,162.33,
39.36,369.21,24.38,-19.26,-267.15,USA,3932.32,-459.82,High,492.03,-322.17,-1024.37,-46.8,-152.94,-1208.42,-21.78,2910.85,-2.36,-10626.82,-17.26,2486.56,2868.18,3.22,-13.53,-13440.68,-6.54,54.63,168.9,23243.84,14.55,4,-516.87,21.32,-2140.18,4,114.47,
-302.67,1080.69,1.06,-14.86,13945.14,UK,3091.26,95.53,Low,628.71,-374.31,-515.09,-33.98,-122.58,-2145.92,-51.7,84.59,1.88,-2862.24,-104.12,1661.8,3143.04,2.05,-12.66,-7459.94,-15.2,62.88,383.76,14309.6,336.36,4,-330.99,21.84,-1817.68,2,158.26,
-287.73,2478.45,0.62,-14.94,6344.94,UK,2552.34,405.2,Medium,281.19,-200.16,-229.5,-25.64,15.04,-1388.48,-63.75,-962.52,3.19,-7317.94,-206.24,2042.33,2267.18,4.18,-4.59,-11174.89,-31.88,66.6,172.2,22623.86,263.07,7,-209.85,18.49,-1623.16,4,88.7,
-220.74,917.64,0.04,-17.3,18389.37,UK,3412.02,-175.27,High,486.69,-224.22,-123.96,-22.82,-63.46,-1675.56,-12.99,7330.35,-2.86,-6591.5,23.56,2088.49,1842,1.45,-38.73,-8584.64,1.38,47.22,684,22045.2,191.13,4,-437.64,20.23,-701.88,5,128.02,
-235.89,3690.03,0.64,-25.12,1733.49,Rest,3586.22,311.75,High,490.17,-106.83,-1203.02,-45.22,128.98,-1120.02,-35.84,-2157.74,4.27,-4126.02,-48.72,1956.98,2574.38,2.37,-4.41,-11778.43,-3.38,52.5,206.49,16728.2,322.8,4,-392.49,12.81,-1111.74,4,191.23,
-239.28,2251.29,1.04,-17.02,9564.09,Rest,3237.76,-118.98,Medium,323.94,-232.35,-232.88,-27.56,-193.74,-1357.96,-30.3,520.81,2.44,-15360.52,-52.82,1688.29,2852.88,5.64,-1.53,-9155.28,2.78,49.71,319.05,10236.48,183.51,6,-305.79,13.86,-1687.62,2,193.07,
-111.63,785.79,0.5,-13.92,20158.26,Rest,3803.02,524.25,Very high,575.28,-208.2,-896.21,-35.96,-57.22,-1666.86,-34.53,-1852.33,5.82,-2090.6,-45.24,2446.97,1940.78,5.33,-7.32,-6669.95,-3.44,61.8,265.08,23900.3,409.77,4,-374.28,21.55,-1019.16,4,176.51,
-235.98,656.97,0.58,-24.48,-10811.13,Europe,3470.3,601.28,Low,472.17,-463.29,-892.36,-36.94,-92.74,-2175.74,-94.15,2860.38,1.91,-11071.2,54.2,2310.01,2148.46,3.34,-8.4,-9035.67,-3.26,50.22,275.07,13721.78,298.71,3,-295.71,20.3,-1913.54,3,185.3,
-2.7,1869.6,16.16,-22.64,4931.73,USA,3489.38,-66.12,Very high,251.58,-249.72,-1273.51,-38.12,-161.12,-1094.7,3.84,179.19,3.59,-18116.26,-117,2367.52,1547.14,4.15,-0.54,-7281.39,-9.02,49.17,246.54,23550.02,295.71,3,-190.14,18.29,-1119.06,3,147.17,
-197.25,486.06,322.46,-14.94,-8241.39,Europe,5066.84,-193.36,High,471.63,22.23,-577.63,-33.48,-137.88,-832.96,2.43,5713.55,7.23,-11245.94,-48.32,2452.44,2377.26,3.14,2.88,-8966.07,-7.9,63.12,364.02,19313.64,229.53,5,-392.64,20.03,-1532.02,3,169.98,
-213.93,3030.48,0.7,-14.6,-3541.11,UK,4462.34,-122.17,High,464.34,-434.22,-550.66,-22.96,-11.68,-1371.18,-39.55,4877.33,-0.4,-6377.22,-178.62,2580.09,3247.9,2.59,-4.59,-9094.48,2.86,57.27,248.76,35314.46,236.52,3,-430.23,11.27,-1622.42,4,213.71,
-269.16,2584.83,0.6,-23.16,11249.01,Europe,6144.48,68.67,High,313.83,1.2,-981.69,-33.26,57.56,-1766.96,-7.37,1004.17,2.94,-6892.18,-69.32,2191.69,2507.1,2.61,-73.35,-6899.75,-7.02,40.65,167.04,27232.86,317.91,4,-213.21,11.64,-502.24,7,145.93,
-332.13,1365.27,40.92,-14.78,3650.97,Europe,3668.5,-325.13,Low,368.01,-296.43,-704.6,-39.5,-33.88,-1824.22,27.33,4631.05,2.89,-12670.02,-47.82,1873.17,1721.76,4.63,-9.6,-11737.54,3.88,24.81,358.83,21924.14,528.93,4,-260.52,18.58,-1765.28,4,187.2,
-201.03,1091.82,0.02,-12.82,17983.62,Europe,4116.08,176.13,Very low,617.85,-262.08,-387.69,-30.44,-111.8,-296.16,-15.97,5050.94,8,-11365.82,-139.1,2612.97,2424.86,2.57,-26.49,-6494.37,2.56,36.09,355.41,34480.56,462.03,3,-355.71,21.38,-791.1,5,238.99,
-248.19,635.73,52.48,-16.32,20244.6,USA,4789.94,365.06,Very high,506.85,-332.79,-187.4,-38.54,20.22,-1780.06,7.4,2589.11,3.67,-885.98,-131.32,2429.84,1908.94,4.04,-12.93,-8922.31,-1.34,48.87,528.15,24277.92,249.78,4,-542.04,18.22,-1626.22,4,176.52,
-276.21,2224.44,17.08,-22.76,10218.57,Europe,4545.86,59.27,Low,248.4,-284.31,-461.27,-35.42,-17.08,-1829.54,13.7,1602.26,4.79,-10819.56,2.02,2549.2,2696.48,2.19,-10.23,-6507.39,-13.5,53.01,327.06,24118.06,363.48,1,-356.28,19.77,-2465.52,4,108.09,
-371.13,2141.04,4.46,-17.52,11123.64,UK,2734.04,-35.21,Medium,491.34,-301.05,-848.17,-30.16,-179.96,-270.2,-35.04,4190.58,0.46,-13466.98,-25.6,2397.87,2250.44,3.94,-41.28,-12026.75,-15.16,46.2,131.79,20606.44,195.42,6,-440.52,18.76,-2163.26,7,151.99,
-217.5,2025.51,3.36,-13.36,13516.83,Rest,4005.34,448.57,Very low,587.67,-220.2,-560.2,-42.52,-100.9,-1846.86,-43.12,3402.9,2.59,-6165.2,-62.32,2807.3,3692.92,2.63,-9.45,-8429.8,-8.7,58.71,226.98,22261.38,71.43,4,-327.03,20.25,-1552.1,4,149.6,
-130.86,1500.48,1.46,-29.24,14626.41,Rest,3776.74,-196.64,High,524.97,-209.25,-931.73,-38.92,-140,-1784.76,-36.87,3112.23,4.88,-3603.3,-128.04,1867.04,2752.52,2.75,-11.55,-11456.21,-8.84,8.13,472.32,27263.64,330.36,5,-396.78,20.77,-2230.3,3,134.86,
-428.64,-88.53,7.76,-16.18,-3828.3,USA,4256.28,370.96,High,365.01,-338.16,-212.57,-28.98,-27.26,-1276.04,-32.2,1395.08,3.78,-5530.18,-131.48,2617.58,2201.42,5.29,-10.53,-15241.03,-34.92,59.01,333.69,24165.18,361.17,5,-387.48,21.52,-827.38,2,132.31,
-380.94,1011.6,5.64,-18.62,11532.24,USA,3429.8,-105.23,Low,535.89,-214.62,-472.42,-45.72,-24.82,-1049.62,-28.63,2048.72,7.79,-11129.98,-64.18,2313.27,2921.6,1,-3.48,-9090.81,-15.42,46.56,323.46,29294.88,268.5,4,-334.05,24.13,-138.18,4,223.13,
-201.15,1213.77,0.88,-26.08,22234.95,Europe,3304.22,552.96,High,421.92,-131.73,-629.59,-28.34,-51.66,-1346.76,1.19,7986.5,0.77,-6039.4,-90.18,3023.05,3539.7,1.3,-0.27,-4248.05,-8.46,65.34,212.73,18628.34,385.83,5,-397.53,17.77,-1220.12,4,182.23,
-327.03,4456.59,3.06,-23.42,14454.3,UK,3634.08,460.27,Medium,556.17,-245.22,-566.42,-32.46,-88.86,-1680.5,-40.63,2754.5,6.05,-9038.16,-109.48,2342.31,3103.16,15.45,-28.08,-13116.67,-6.9,52.44,402.48,11802.98,361.71,2,-317.31,19.28,-2328.04,5,210.47,
-343.8,1200.3,0.04,-13.54,22792.23,UK,3202.94,-445.47,Low,548.7,-164.07,-496.17,-37.46,-52.58,-1416.62,18.92,2915.29,3.19,-14462.4,-51.8,2361.66,2795.88,5.5,0.48,-8274.94,-11.16,93.45,690.57,25414.16,228.3,5,-219.72,20.13,-867.66,9,310.76,
-209.91,1221.81,0.32,-13.94,3241.14,USA,3883.6,216.59,High,593.91,-261.18,-344.57,-38.08,-99.32,-2794.76,-32.83,-1823.9,-0.45,-14548.44,-210,1917.09,2756.52,6.3,-8.76,-4049.52,-9.48,42.75,355.26,16589.24,376.44,2,-336.03,14.56,-310.44,4,172.74,
-125.85,2153.64,0.46,-15.92,22438.71,UK,5034.88,-242,Medium,546.24,-337.23,-433.83,-34.72,-39.64,-1715.54,-29.3,3565.75,1.65,-9420.04,-42.08,2406.2,1820.24,5.24,-7.83,-9921.25,-0.64,66.48,355.29,22191.76,42.39,4,-275.79,18.9,-1536.78,1,188.21,
-137.61,3168.21,3.7,-25.3,11051.37,USA,4162.36,-43.63,Medium,401.49,-420,-841.18,-35.14,21.9,-2507.1,-15.34,-2615.39,5.03,-15455.66,14.92,2375.44,1895.86,1.81,-4.86,-10698.24,-12.48,46.86,433.71,24379.98,266.67,5,-239.97,18.66,-908.5,5,163.88,
-239.25,2307.42,5.3,-23.58,10188.84,Rest,3895,447.77,Very high,617.19,-350.1,-90.07,-30.48,-110.5,-1875.88,-67.11,2473.62,3.8,4129.42,-9.88,2271.3,1731.26,3.45,-25.71,-3828.95,-17.04,32.97,337.14,18320.92,305.61,2,-188.25,33.1,-502.04,6,219.21,
-353.64,2183.01,4.36,-30.22,7713.36,Europe,5245.88,546.41,Medium,766.53,-189.54,-761.36,-30.92,-89.92,-1475.4,-3.27,-314.24,-0.6,-9903.42,-40.66,2177.52,2331.94,7.54,-2.97,-5859.67,3.1,38.52,492.33,16515.02,255.12,3,-404.16,19.88,-934.88,2,189.23,
-438.66,2236.26,0.3,-16.2,9819.12,USA,3741.56,490.29,High,557.01,-285.99,-709.7,-48.7,-67.36,-2361.22,-0.24,1720.91,7.45,-387.38,-108.56,2437.23,2246.84,2.44,-26.52,-11340.59,-11.92,37.74,341.01,22142.04,188.97,4,-398.19,24.21,-1280.14,2,196.6,
-166.71,1074.3,59.7,-12.9,-8370.33,USA,4226.14,169.69,Medium,531.78,-345.24,-1048.22,-37,-110.92,-1824.14,-50.26,4868.44,-0.42,-7576.5,-52.3,2102.32,2099.28,6.91,-19.17,-12801.29,-27.86,45.66,131.01,20763.94,403.62,1,-291.81,17.94,-1939.24,1,160.72,
-329.13,571.89,0.14,-23.82,9730.29,Europe,3288.62,47.42,Low,489.75,-269.04,-326.29,-11.44,-158.32,-1848.74,-48.57,4210.02,2.21,-3500.14,-91.84,1937.8,2780.58,3.12,-8.97,-8324.91,-10.46,55.98,457.32,23634.78,193.56,3,-365.43,16.93,-1928.06,3,221.78,
-307.41,2092.35,1.04,-16.06,15477.93,USA,4637.02,-439.4,Low,250.14,-353.22,-1081.89,1.36,-97.46,-1384.82,-31.87,2634.9,5.08,-10748.92,-199.14,2741.32,2197.24,3.34,-6.39,-9619.78,-22.68,31.41,319.74,27036.94,339.93,3,-306,19.43,-3103.46,6,199.82,
-237.93,1398.27,0.68,-14.64,-2120.43,UK,7899.58,251.2,Low,762.51,-319.89,-747.28,-28.02,40.94,-1144.96,-13.68,5396.67,2.68,-2761.26,18.9,2317.95,2961.4,11,0.69,-8791.61,-13.54,35.22,486.15,25078.48,285.51,2,-295.68,20.86,-1203.06,3,192.42,
-228.48,425.16,0.9,-15.26,11088.06,USA,2609.26,317.53,High,380.82,-295.71,-151.13,-30.82,4.22,-2380.76,-36.03,2422.3,4.26,-1909,36.34,1589.82,2073.22,5.58,-4.17,-9990.89,-3.66,72.81,230.58,27192.96,69.27,3,-331.29,20.63,-740.78,5,146.41,
-151.56,1004.79,18.56,-22.9,9267.87,Europe,4379.58,434.02,Very low,389.28,-422.76,-603.17,-42.58,-58.46,-1166.46,-52.25,1755.74,4.46,-13603.74,-195.14,2473.8,2603.98,3.75,-1.95,-10966.02,-2.98,43.02,269.46,23446.76,290.94,2,-397.32,19.95,-2624.9,7,138.89,
-334.14,1090.14,52.1,-21.76,4268.07,Europe,3612.88,-32.99,High,443.61,-349.89,-735.09,-27.28,32.98,-1690.4,-5.21,5711.98,3.42,-7557.76,-115.74,1870.98,1450,3.27,-43.62,-11258.63,-17.56,70.74,267.84,22049.56,193.83,2,-61.8,17.56,-1362.88,5,28.89,
-252.66,3130.02,42.5,-24.46,5848.08,USA,2124.36,87.31,Medium,477.3,-257.73,-967.36,-33.42,-136.38,-1952.5,-17.47,1569.57,-1.41,-10043.68,-170.7,2446.65,2053.8,1.15,1.29,-9967.9,1.1,48.72,214.11,11537.86,183.99,1,-252.78,24.07,-2040.52,5,148.45,
-293.88,669.66,0.28,-16.48,14659.77,UK,4876.22,106.63,High,688.8,-755.25,-251.8,-38.96,-116.44,-2128.14,-25.27,1445.77,6,-14979.72,-72.2,2266.21,2866.68,6.34,-15.18,-13410.32,-20.12,54.69,287.46,27506.58,268.77,8,-309.93,17.93,-1619.54,3,172.88,
65.79,1472.31,117.8,-24.5,13287.69,Rest,3555.06,-504.01,Very low,597.09,-295.68,-315.14,-35.66,-53.86,-691.1,-11.91,700.63,0.86,-1261.28,-21.98,3363.56,1628.66,6.35,-11.34,-8636.74,-17.62,36.54,245.04,33475.76,359.01,4,-297.69,20.45,-846.08,5,126.24,
-307.62,1804.08,225.02,-22.08,1077.48,USA,3677.98,521.35,Low,1209,-160.56,-760.47,-34.82,-144.82,-1526.44,-31.96,1444.81,1.43,-8417.44,-46.9,2449.27,3814.04,6.53,-6.54,-9096.45,-2.92,62.85,347.49,29953.36,285.12,4,-326.43,16.46,-891.64,4,159.75,
-236.01,1927.59,0.28,-15.16,-5390.64,USA,3764.6,81.02,Medium,382.23,-277.92,-331.53,-35.28,-166.04,-740.88,-65.93,1316.17,2.32,-5657.38,14.82,2514.94,2591.04,2.4,-14.73,-4235.13,-25.1,54.78,330.06,13682.64,319.44,4,-353.13,16.43,-2556.36,1,165.09,
-230.25,3.36,10.32,-29.08,-187.53,USA,3042.58,307.9,Medium,534.09,-731.46,-185.2,-33.98,-91.18,-1769.08,-43.09,11246.01,-2.51,-7166.36,-156.52,2387.81,2330.02,3.26,6.72,-7027.44,-1.1,49.98,306.27,29040.66,247.77,4,-351.12,17.72,-1882.46,6,128.23,
-143.91,2161.83,11.06,-14.34,15080.55,Rest,3085.58,-244.52,Low,243.12,-340.23,-864.32,-30.36,34.6,-1205.36,-68.17,-4088.22,2.13,-7742.64,-21.06,2728.55,3754.2,6.82,-16.17,-7602.55,-8.16,52.74,229.86,27850.48,387.63,5,-202.17,19.17,-1384.34,7,279.18,
-234.06,884.49,2.12,-33,3523.02,UK,3790.88,-190.15,Medium,387.9,-502.86,-524.87,-29.24,-98.5,-1497.94,2.59,5733.98,3.87,-13444.1,-100.74,2417.81,2591.78,3.83,-10.11,-10586.96,18.76,44.82,386.79,12101.92,162.57,6,-338.19,22.31,-1035.06,3,170.94,
-30.03,2326.26,33.2,-15.34,24502.68,UK,2191.74,71.67,Medium,604.83,-227.76,-1070.35,-36,-39.3,-1957.84,-12.61,9331.12,4.05,-9908.06,-98.2,2520,2647.2,4.1,3.6,-8826.27,-9.24,50.52,112.29,28870.06,268.02,2,-118.83,20.01,-923.7,5,169.25,
-466.98,2047.11,61.82,-26.02,2720.46,Rest,2916.9,-422.39,Medium,594.96,-263.67,-362.1,-55.08,-143.78,-1382.08,-51.32,-1370.67,2.79,-7145.86,-30.5,2188.61,2504.5,4.92,-19.17,-11694.57,4.4,48.9,234.18,23233,291.3,7,-237.33,22.93,-1054.18,4,116,
-447.84,1570.11,29.14,-19.72,9236.55,Rest,3276.68,224.49,Low,469.62,-122.34,-715.7,-36.5,-17.86,-879.64,-39.24,5354.43,-2.78,-16849.08,-11.26,2248.36,3547.86,3.46,-1.65,-7883.84,-9.42,28.05,274.35,18224.5,256.68,5,-155.76,13.12,-1642,4,227.4,
-267.63,2351.91,20.64,-12.5,6347.82,UK,2870.22,19.03,Very high,525,-173.37,-540.51,-28.3,-105.54,-1559.98,-82.08,416.36,8.35,-1257.06,-50.84,1900.53,1950.68,0.3,-15.99,-14765.64,-14.28,68.22,304.8,29270.24,269.31,5,-336.69,20.44,-1624.34,4,167.92,
-96.24,1221.06,11.4,-21.88,14224.41,UK,3694.26,148.55,Medium,338.46,-264.21,-154.98,-37.42,-38.7,-2558.22,-16.84,4322.63,8.03,-10347.22,-129.84,2078.56,2940.28,1.4,-9.15,-8239.14,-10.66,42.21,208.62,15682.62,-101.43,2,-389.37,20.09,-1667.2,9,179.47,
-230.34,1463.28,8608.86,-16.26,10643.31,Europe,3636.86,-69.53,Very high,701.64,-284.49,-930.14,-39.52,15.24,-1547.32,-29.51,1835.51,1.81,-6211.76,-102.88,2674.85,2575.18,1.47,-7.89,-10968.28,-7.82,72.06,271.44,10149.34,155.79,4,-388.41,24.87,-1387.26,3,210.15,
-115.35,1027.32,1.02,-15.66,8365.11,UK,4562.12,36.97,Medium,335.31,-395.1,-580.93,-43.84,-110,-1638.86,-16.74,-444.07,4.25,-8540.28,-103.82,3414.63,3263.1,1.66,-3.51,-6275.7,-6.9,47.37,533.94,9294.94,190.17,7,-222.15,21.55,-1883.34,4,195.84,
-243.48,1783.47,0.22,-14.96,11311.26,Europe,3661.12,602.72,High,525.87,-301.86,-990.58,-31.06,-169.1,-1635.42,1.97,3379.89,-0.02,2468.98,-10.8,2556.53,2484.94,6.82,-6.63,-8115.59,-5.48,76.77,395.22,20012.24,220.68,4,-315.75,15.75,-384.9,2,162.85,
113.01,2891.19,4.38,-13.54,277.62,Rest,4365.1,-493.44,Very low,665.97,-262.11,-783.2,-59.58,-51.72,-2864,-28.12,535.04,2.78,-6467.82,-89.48,2271.15,2428.82,2.18,-5.49,-11564.27,-20.32,70.29,367.77,20976.92,238.05,6,-426.84,8.01,-1845.38,6,227.29,
-265.17,382.41,1.16,-15.48,6140.76,Rest,3098.94,-55.85,Medium,523.2,-630.48,-605.64,-31.16,-12.62,-2270.96,-29.76,-221.19,1.28,-6123.2,-82,2469.83,2197.04,1.36,-10.5,-6634.24,0.4,44.04,250.44,23561.42,153.03,4,-241.89,19.17,-2331.7,7,231.81,
-54.03,1150.68,2.94,-14.94,13305.09,Europe,4605.2,95.56,Very high,1141.32,-196.8,-700.74,-31.82,-50.62,-1428.24,-22.4,1866.39,-1.91,-15116.02,-25.5,2500.29,2546.18,2.12,-6.84,-3527.23,-7.38,53.73,578.22,20270.64,95.76,7,-388.17,19.74,-2031.42,4,188.12,
-234.57,680.4,3.5,-22.58,6589.14,Rest,4539.04,513.92,High,363.54,-331.65,-1326.29,-36.28,-9.04,-765.74,-21.86,1205.16,1.33,-10474.42,-161.82,2220.69,3192.86,1.26,-1.65,-11253.1,-9.58,52.74,379.35,9604.14,294.27,5,-181.38,21.52,-1282.62,4,191.26,
-269.43,1109.49,10.06,-15.5,-6839.4,USA,5623.48,319.6,Very high,596.82,-262.17,-828.84,-41.14,-1.38,-1908.16,-8.6,2117.52,6.04,-13768.38,-172.52,2569.06,2286.74,4.77,-4.53,-8981.15,1.58,49.38,225.45,30160.76,358.26,2,-270.69,17.36,-1554.7,6,120.18,
-176.04,2107.47,0.04,-14.24,8934.15,UK,3975.48,-21.95,Very high,463.8,-268.62,-802.39,-37.02,-93.72,-2224.74,-12.62,2363.27,6.17,-15378.1,-190.82,1131.67,3058.58,3.38,-6.84,-13202.95,-9.44,58.44,324.18,31329.72,171.09,3,-384.39,6.76,-1744.6,4,158.69,
-179.91,1917.51,3.68,-14.32,29713.02,Rest,3419.96,-188.77,Medium,420.51,-268.29,-796,-44.38,-59.3,-1662.4,-90.07,-3519.67,-2.02,-10659.92,-124.6,3130.34,2444.22,7.06,-10.35,-10069.98,-7.94,44.07,284.34,26612.78,237.87,6,-406.26,20.89,-1842.58,3,18.56,
-139.32,2928.9,78.1,-16.46,6818.37,UK,3167.72,347.86,Low,609.39,-143.67,-666.36,-36.14,-100.44,-1425.92,-36.31,4423.63,-3.44,-10629.22,-38.78,2171.68,2523.76,4.38,-16.95,-8500.04,-8.5,56.7,631.77,24742.46,179.82,3,-370.59,20.19,-189.66,4,178.85,
-248.01,2474.22,2.28,-18.52,9932.19,Europe,5746.6,458.55,Medium,497.97,-268.71,-237.2,-34.24,-58.48,-1404.96,20.99,-3069.22,2.95,-7991.58,-25.06,2307,2582.18,1.81,-6.12,-11474.83,-6.9,49.41,297.96,26941.9,236.61,3,-256.77,17.89,-1494.46,4,190.57,
-240.39,1748.46,0.12,-12.88,8489.52,UK,2223.8,299.52,Medium,674.16,22.89,-303.05,-47.36,-95.62,-919.78,-19.08,4322.03,4.35,-5859.18,-56.6,2142.9,2896.98,0.34,-9.96,-7299.84,17.6,48.93,185.4,30827.94,226.32,4,-320.01,17.08,-1351.04,2,160.14,
-219.81,2128.92,0.02,-32.1,5119.14,UK,3993.22,334.23,Very low,423.45,-362.07,-643.89,-44.8,-35.04,-1217.44,-65.35,5199.89,7.96,328.02,-70.5,3068.72,1874.12,2.53,-19.29,-11760.35,-10.54,65.1,244.47,17046.3,526.35,6,-323.79,25.79,-2777.5,3,90.6,
-255.57,1834.47,0.02,-24.28,4293.54,Rest,4732.6,455.18,Medium,642.3,-273.39,-1100.56,-38.74,-84.1,-1503.6,-56.67,5824.85,3.09,-8389.62,-34.4,2565.95,2647.9,0.4,-12.84,-6666.85,-3.98,51.33,346.14,12286.66,195.12,3,-452.01,25.53,-1943.78,5,173.19,
-166.92,2599.77,422.4,-25.32,-2256.69,Europe,3851.88,-381.31,Very high,445.32,-176.34,-573.29,-38.26,-78.48,-1541.96,-91.15,1795.73,-0.11,-8691.14,-12.36,2566.77,1982.38,4.27,-8.16,-12402.18,-7.16,47.16,416.25,12580.26,424.26,0,-393.27,16.45,-1612.68,5,171.61,
-211.68,861.63,0.2,-28.2,3506.46,Rest,3848.56,54.45,High,524.31,-375.15,-712.52,-32.88,38.88,-660.66,-70.18,4135.48,1.6,-19468.28,-54.58,2239.99,2714.1,0.88,-18.12,-8541.32,3.28,50.13,402.63,31191.94,371.34,8,-416.58,20.06,-1766.64,3,222.7,
-252.54,-199.89,0.68,-14.14,17480.22,Europe,3559.54,-160.3,Low,504.96,-116.49,-595.28,-34.66,-12.96,-1818.92,-47.81,3122.44,3.15,-7435.82,-70.44,1688.62,2479.3,1.92,-36.54,-9579.78,-12.32,47.97,219.03,28327.58,458.64,5,-437.67,27.59,-2807.08,3,148.36,
-182.04,1758.3,10.02,-14.6,7477.05,Europe,3619.2,-239.69,Very high,678.6,-427.47,-811.61,-25.38,-35.16,-1886.54,-24.33,-1870.8,6.42,-9259.26,-35.2,2685.3,2390.68,3.9,-6.84,-6970.68,-13.22,23.31,268.17,31483.48,268.23,4,-388.41,12.25,-925.56,4,162,
-285.45,1609.92,3.84,-13.46,8103.03,USA,3284.1,235.4,High,516.33,-330.45,-477.61,-23.14,-27.68,-1949.14,-69.81,1261.06,-2.22,-4798.38,-88.68,1984.25,2936.56,2.13,-20.61,-7438.38,-12.82,40.2,280.2,27932.6,140.31,6,-392.19,23.21,-1867.36,4,216.51,
-290.16,2784.57,0.06,-18.3,9178.17,USA,3803.84,278.77,Low,621.99,-127.56,-791.8,-33.28,-46.78,-1635.72,1.65,6417.74,0.53,-8119.64,35.92,2306.79,3059.16,5.47,5.91,-6658.66,-2.32,61.17,333.24,18759.9,315.9,5,-368.55,17.85,-1633.5,7,253.79,
-284.97,2407.8,104.4,-23.3,7809.21,USA,2743.36,-106.7,Very low,320.25,-243.54,-1237.15,-37.4,-29.56,-2318.84,-40.9,-717.12,3.63,-6711.3,-154.38,2267.6,3255.8,4.97,-30.51,-7426.91,7.76,52.5,250.89,19475.26,197.4,4,-255.72,27.43,-2504.42,5,231.33,
-269.64,348.96,0.2,-16.78,16599.12,USA,5632.02,377.73,Low,597.03,-233.28,-489.11,-32.84,-201.14,-1897.62,-2.05,-657.55,3.83,-9123.32,-43.16,1528,1806.24,1.35,-10.08,-8743.07,-7.42,63.33,315.69,18090.5,241.68,3,-360.3,19.64,-1712.3,2,107.03,
-206.49,1299.87,1.76,-14.98,12945.6,USA,4441.2,455.92,Medium,431.31,-247.38,-572.49,-51.6,-131.24,-491.76,-22.55,894.4,2.93,-14387.06,-80.02,2437.97,2187.34,4.48,-5.13,-5802.68,-4.96,47.94,351.69,17739.98,182.01,4,-178.98,24.58,-1828.18,2,168.91,
-296.07,1191.63,2.46,-16.88,10365.24,Rest,3824.46,45.26,Low,491.73,-205.17,-145.55,-41.2,-102.04,-2599.68,-104.47,-3496.49,2.44,-535.38,-251.3,1992.88,3602.04,1.44,-6.09,-6551.14,-2.18,51.06,244.08,22995.94,271.77,6,-260.58,21.48,-2257.06,4,161,
-448.5,1437.09,0.14,-18.98,12674.16,USA,3211.08,-342.93,High,280.59,-322.32,-414.7,-32.72,-79.52,-2556.52,-38.24,4933.09,4.66,-8953.72,-112.18,2279.31,3276.86,7.12,-5.61,-10947.9,7.78,14.67,305.82,1971.88,98.58,5,-482.49,23.9,-2119.48,3,164.54,
-223.74,1646.58,11.78,-13.44,18972.06,Europe,2739.5,286.01,Very low,497.04,-212.58,-606,-39.4,-32.48,-1175.2,-0.09,3053.44,1.53,-13411.52,-35.48,1980.7,2643.84,8.23,9.48,-9394.49,-10.38,56.76,183.87,25073.1,262.74,6,-408.87,20.33,-2272.92,2,152.98,
-209.43,1608.93,1.26,-18.5,335.58,UK,3357.5,242.74,Low,495.51,-252.6,-370.51,-46.02,50.02,-1988.34,13.78,2657.49,2.59,-8908.04,-9.78,1126.07,2227.4,4.75,-4.41,-9908.09,-15.54,38.76,312.54,21356.98,305.64,3,-206.7,10.9,-1746.36,3,246.41,
-298.59,2269.23,140.6,-21.18,10199.07,Rest,5801.94,168.18,Low,455.55,-300.69,-822.34,-38.54,-38.48,4.56,-51.08,5255.3,4.18,-2378.74,-95.78,2658.95,2883.54,3.08,-40.26,-9235.96,-6.1,48.39,293.28,35955.8,162.24,7,-369.57,11.94,-1944.3,3,235.37,
-409.56,2629.11,0.88,-17.94,16868.1,Rest,4253.4,49.6,Very low,443.25,-347.88,-749.8,-39.86,-25.84,-1404.72,-70.85,-837.69,-1.65,-2328.78,18.5,2287.93,2757.18,1.9,-2.67,-2817.49,-8.02,48.24,335.28,24379.88,294.84,3,-419.7,16.12,239.68,3,199.48,
-221.76,1913.52,9.6,-14.16,5637.66,Rest,3554.76,100.18,Very high,484.41,-255.24,-746.84,-38.48,-46.22,-2076.5,-24.69,6600.85,5.82,1498.04,-80.36,2121.66,2654.14,1.16,-14.49,-4782.32,-11.8,55.56,340.89,29406.74,307.62,4,-432.75,23.28,-764.96,5,174.94,
-193.05,2813.13,0.1,-27.62,8395.29,UK,3341.78,353.36,Medium,523.38,-151.71,-396.47,-42.96,2.96,-1467.98,1.42,7916.74,8.08,-6279.46,-137.32,2344.06,2448.44,0.3,-4.44,-6040.11,0.56,25.83,216.27,4553.14,303.93,3,-159.36,20.5,-944.72,4,189.92,
-221.91,1566.72,107.58,-16.1,-858.12,Rest,3168.36,-256.23,Low,421.29,-222.21,-701.38,-21.3,-8.42,-1187.8,-28.96,-1375.5,4.65,-11480.86,-179.6,1984.78,2683.2,4.38,5.97,-3500.08,-24.54,44.58,322.11,29509.36,368.91,5,-423.18,20.92,-996.06,5,126.99,
-206.64,2946.81,152.58,-17.18,107.31,UK,3787.34,-282.11,Very high,499.83,-362.91,-283.05,-39.22,-189.58,-1836.62,-40.17,5750.32,4.1,-12373.38,-43.2,2296.8,2345.3,8.26,-14.61,-5952.95,-7.9,40.14,218.49,21927.7,176.85,3,-337.38,24.27,-848.1,5,151.57,
-237.63,1274.28,4.24,-20.56,2584.02,UK,1646.78,-178.63,Medium,562.95,-276.03,-78.42,-43.22,-64.34,-1402.58,-7.7,-404.34,3.81,-8912.88,-80.2,2715.68,2402.36,1.16,-1.53,-7256.58,-18.12,69.42,345.51,11966.04,380.43,2,-276.81,14.17,-1529.54,4,172.48,
-273.69,2270.61,0.02,-18.44,13548.09,Europe,4330.02,-336.53,Very low,422.49,-195.93,-563.73,-37.22,-52.24,-1996.32,-70.14,-3023.9,1.6,-9204.36,-33.74,2770.14,2380.02,1.25,-15.9,-5992.85,-9.04,57.33,159.09,19993,235.44,3,-276.81,23.72,-1616.6,4,120.92,
-181.62,2846.46,0.86,-23.86,698.16,USA,3834.78,467.13,Very low,528.21,-205.2,-628.08,-23.26,-65.22,-969.1,-65.68,3692.53,1.68,-5651.94,-115.38,3029.04,2391.72,3.7,38.64,-11874.33,-5.48,116.19,305.61,24576.04,309.36,3,-356.52,24.98,-362.9,4,181.31,
-40.5,1143.27,0.96,-16.56,4622.88,USA,4052.56,-116.98,Very high,563.01,-245.16,-74.69,-36.72,9.32,-2470.36,-72.74,1468.16,4,-6299.06,-54.02,2398.89,3256.1,5.17,-10.26,-7009.26,-23.16,30.48,158.67,21913.14,46.8,2,-473.1,17.38,-1559.12,6,71.44,
-146.31,3134.25,0,-14.02,18720.54,Europe,4276.28,277.68,High,542.43,-208.83,-615.91,-14.6,-72.52,-609.86,-29.55,2665.07,9.91,-7322.54,-42.54,2438.38,2880.78,7.95,2.94,-11799.73,-9.36,34.5,194.94,20070.62,228.09,3,-282.09,19.84,-1778.74,5,177.06,
-493.8,927,25.12,-21.4,13534.32,USA,4185.9,28.23,Very low,382.41,-238.08,-718.37,-43.46,-13.16,-2194.94,-31.83,-2163.29,-1.29,-11165.34,-108.52,2403.59,2601.12,5.54,-16.89,-9098.91,-10.26,55.8,295.29,14029.52,231.36,3,-245.28,17.28,-2050.98,6,148.19,
-266.79,1358.79,7.6,-19.92,1215.12,UK,710,654.24,Very high,559.56,-326.19,-642.07,-41.26,-224.32,-2046.4,-32.59,-221.55,2.68,-8230.8,16.68,1688.24,3729.14,4.21,-7.71,-4529.53,-2.04,42.96,565.2,27454.08,313.11,7,-293.76,16.4,-1601.66,3,126.85,
-217.5,2181.87,0.58,-16.34,20387.43,Europe,4558.68,421.79,Very low,416.07,44.43,-484.75,-31.56,-59.82,-1570.66,-61.69,3483.13,2.79,-18826.4,-132.18,2540.33,2745.42,2.89,-30.96,-9051.68,-5.34,53.94,580.92,17281.14,245.07,4,-296.16,19.49,-1686.12,6,201.23,
-259.35,1774.5,0.42,-24.44,-17913.18,USA,3931.22,-14.06,Medium,549.63,-724.47,-1556.42,-33.32,-143,-2974.5,-76.54,3837.67,0.75,-5365.86,-27.18,2213.11,1989.28,1.24,-8.91,-7224.91,-14.86,53.46,139.8,23359.16,806.88,10,-165.27,22.08,-2394.54,4,171.59,
-306.96,1676.67,1020.98,-24.92,1476.06,USA,3569.76,812.59,Low,245.34,-350.31,-602.72,-45.66,-34.6,-2552.44,-83.22,295.42,4.71,518.36,-267.08,2741.49,2396.58,4.94,-6.72,-4300.62,-6.04,42.9,135.63,18898.98,233.04,9,-358.32,23.17,-1353.72,4,177.85,
-511.41,696.3,280.58,-15.48,-8648.97,UK,3500.34,-185.27,Very low,721.74,-136.89,-706.5,-31,-63.42,-1436.34,-47.24,1856.63,3.16,-9884.04,-59.8,2442.02,2731.68,9.37,-27.06,-7576.71,-2.86,67.77,173.28,13380.84,390.9,1,-257.85,23.3,-1566.68,7,210.7,
-454.02,1714.32,69,-24.76,21151.02,Rest,3764.22,-100.96,Very low,610.74,-433.47,-1056.1,-11.9,-90.62,-122,-8.04,-767.34,-1.45,-5901.36,-82.98,2710.67,3264.22,2.88,-19.68,-8322.27,-20.9,43.92,591.39,19558.36,315.84,3,-360.09,19.3,-726.5,5,198.04,
-303.24,2134.8,223,-12.24,25130.37,Europe,3435.02,141.22,Low,574.17,-340.86,-769.57,-42.06,-37.8,-2696.2,-89.54,3334.47,5.42,-12212.36,-91.2,3028.92,1178.28,3.49,-19.83,-10853.62,-22.44,48.03,327.6,25426.48,261.12,6,-188.46,10.01,-610.64,5,213.27,
-257.07,1668.72,71.36,-26.88,-280.23,USA,3920.36,-271.01,Medium,513.15,-566.07,-192.62,-29.72,72.48,-471.6,-64.08,2761.51,8.56,-5910.9,-55.74,2586.26,1655.12,0.58,-19.74,-9207.16,-1.34,51.09,138.48,35734.06,300.24,2,-489.12,25.32,-1218.36,5,147.04,
-157.26,1064.97,108.32,-18.56,22987.59,USA,3106.56,440.71,Very high,113.19,-260.49,-434.87,-51.68,-178.96,-1430.46,-34.94,6051.53,0.08,-2801.92,-69.58,2461.81,1897.74,3.32,13.08,-8693.7,-14.88,11.07,163.95,22964.92,258.06,2,-263.61,22.58,-1547.5,4,179.39,
-180.75,1602.09,0.14,-37.08,1688.01,Europe,4796.22,734.09,Low,588.96,-225.09,-983.21,-44.8,-112.9,-1702.06,-45.6,2023.42,7.18,-15104.22,-233.46,2422.05,2412.02,5.41,-24.39,-18382.51,-4.6,63.03,184.2,20141.4,284.13,3,-168.42,19.17,-863.98,3,249.61,
-230.43,998.73,1.08,-23.36,2091.06,UK,2368.66,144.83,Very high,466.29,89.64,-767.7,-28.38,-61.86,-1259.08,-29.85,4815.01,4.04,-6413.24,-161.4,2387.85,1868.72,4.36,-10.05,-6299.48,-11.44,46.53,284.22,24699.8,405.3,4,-187.86,24.62,-1753.98,5,149.62,
-223.08,2101.08,0.06,-24.04,-1562.13,Rest,1606.32,94.84,Very high,451.59,-303.18,-279.05,-38.32,-74.54,-1412.32,-40.28,5508.64,3.93,-5352.68,-72.56,2494.94,2495.26,1.25,31.8,-15044.03,-9.2,60.21,318.9,23089.56,-22.08,3,-251.91,19.86,-347.46,5,190.34,
-292.74,1911.09,4.58,-19.92,25450.2,UK,4683.52,-160.41,Very low,803.34,-414.51,-340.04,-33.9,-0.22,-570.02,13.92,2894.79,-4.84,-15460.46,-71.98,2343.65,2097.48,2.44,-29.61,-11071.45,-4.5,50.25,348.87,25975.8,536.31,6,-311.85,19.78,-1021.44,7,135.08,
-224.28,3040.74,32.76,-16.9,10620.48,UK,3185,-44.78,Medium,406.41,-249.48,-241.69,-32.92,-178.24,-1694.74,-12.52,-23.51,3.28,825.28,-9.78,2187.85,3286.68,1.74,-1.74,-11325.88,-6.14,18.54,266.79,20340.86,266.19,3,-428.91,19.24,-555.18,3,165.1,
-115.95,2503.29,0.08,-14.66,6862.95,USA,4652.16,288.61,Very low,224.43,-503.73,-872.7,-42.48,-40.98,-1790.76,-24.08,5120.29,2.96,-11905.4,-136.8,2836.59,2946.72,1.11,-4.59,-13859.77,-5.22,43.98,262.74,20868.28,183.21,4,-475.11,10.21,-1039.1,3,125.04,
-91.62,2219.31,1.26,-16.46,6641.07,UK,3835.04,302.3,Medium,436.95,-255.48,-628.04,-58.38,-47,-1615.12,-23.14,4833.95,8.79,-11750.1,-9.1,2344.52,2265.42,1.16,22.68,-7436.34,-9.36,40.77,158.01,28029.28,305.58,3,-194.76,20.1,-1746,4,161.85,
-117.12,3126.63,0.04,-19.58,14138.76,Rest,4148.44,-186.46,High,252.63,-286.44,-1137.79,-29.48,-135.74,-1179.62,-13.61,3268.62,2.82,-10415.44,-162.78,2564.98,2729.78,2.05,-6.48,-13111.52,-1.24,36.45,307.14,12912.42,226.95,1,-258.51,16.16,-1224.2,4,146.26,
-204.36,2899.47,0.78,-20.44,1122.33,USA,4356.6,77.11,Very low,477.9,-263.07,-437.43,-27.76,-68.26,-1532.96,-7.51,1113.64,0.15,-10290.44,-219.16,1610.79,3173.02,7.83,-6.96,-10273.06,-9.92,59.28,409.17,20336.3,182.43,3,-384.27,18.98,-1844.56,3,185.86,
-367.08,1474.71,11.86,-16.28,13337.16,Europe,3735.7,226.87,Very high,721.65,-444.39,-740.01,-61.18,-109.4,-986.26,15.18,9218.05,7.96,-12008.26,-25.02,2836.33,1889.56,7.86,-8.28,-11254.1,-15.28,47.55,528.51,13617.74,318.93,6,-327.24,22.97,-1329.52,3,180.42,
-258.48,1860.09,11.12,-14.98,23608.17,Europe,4331.7,439.5,High,755.04,-168.78,-955.14,-34.36,-50.64,-1451.7,-95.91,4408.75,4.23,-15875.84,-68.18,2500.85,3205,0.94,-14.31,-6949.84,-7.4,43.92,248.82,25370.22,102.33,4,-307.17,12.41,-953.32,5,134.92,
-268.32,1909.26,0.08,-22.32,5866.68,Rest,3608.04,239,High,648.87,-321.84,-150.96,-42.74,-56.98,-1296.44,30.83,807.08,4.33,-20850.76,-77.64,2363.38,2852,4.99,-2.43,-5463.46,-6.92,45.81,399.45,17475.94,216.42,5,-264.15,25.45,-1219.96,3,173.23,
-179.31,3697.59,43.36,-15.44,3280.44,Europe,4524.3,794.04,Low,499.08,-198.24,-822.23,-27.12,-162.3,-2008.86,11.61,6121.52,-1.07,-4403.14,-34.56,2356.38,2596.2,1.08,-14.7,-10108.29,-8.1,60.75,542.1,20675.28,239.85,5,-319.02,18.63,-1430.9,1,191.77,
-162.42,2401.26,1.5,-28.92,-2654.43,UK,4201.14,7.02,Very high,553.02,-284.01,-740.15,-39.82,-13.58,-2555.12,-15.35,-4241.07,-2.68,-11465.96,-117.68,2173.92,1679.24,9.46,22.02,-9870.7,-7.4,67.08,316.65,27906.78,261.36,4,-222.18,20,-1492.78,4,141.53,
-105.48,4012.05,81.16,-31.26,13779.15,Rest,3179.44,-207.52,Low,599.67,80.58,-590.3,-29.64,-47.84,-2280.32,-51.96,598.19,3.69,-8430.98,-148.24,2350.44,2695.58,8.08,-6.93,-11461.26,8.1,48.45,424.77,10911.26,305.67,3,-191.52,24.51,-2705.52,7,89.77,
-198.15,3581.61,0.22,-17.08,5319.9,Europe,5717.92,226.9,Very low,494.55,-253.02,-648.76,-41.56,-38.58,-2387.7,-7.81,1712.29,5.81,-11931.06,-58.2,1986.84,3060.2,0.59,4.44,-5678.89,-2.02,63.84,214.38,25952.04,274.56,4,-320.94,21.49,-2415.48,4,176.36,
-249.81,1860.57,31.22,-22.9,-98.16,Europe,3659.84,-202.48,Very low,500.46,-320.28,-728.91,-60.74,-63.7,-1760,-61.9,2766.37,1.74,-11085.82,-61.78,2283.5,3190.18,10.7,-17.28,-14001.64,-11.74,51.54,316.65,20227.1,234.75,4,-386.19,26.76,-339.38,6,141.83,
-441.12,3635.58,0.04,-26.84,14752.32,Europe,3814.24,672.73,Very low,141.51,-228.75,-1160.24,-40.72,-98.36,-2634.9,-70.42,615.03,-1.46,-6192.3,-120.48,2125.22,2113.84,10.24,-23.52,-8914.36,-19.22,48.18,237.57,27539,241.23,3,-267.66,18,-1811.14,4,205.83,
-233.1,-805.92,6.4,-14.7,12934.32,USA,2393.9,-377.45,Low,397.26,-280.62,-219.79,-39.8,-55.18,-1760.82,-13.56,4988.18,6.2,-8057.76,-11.58,2828.24,2385,4.71,-11.19,-4276.04,-11.48,56.49,486.18,14439.34,294.81,7,-407.67,22.77,-1316.56,5,190.21,
-335.82,2484,2.9,-23.02,6143.16,UK,3401.68,-49.4,High,588.69,-462.06,-284.33,-40.52,19.48,-1806.54,-35.21,182.42,3.31,-12146.86,-47.4,2554.29,2894.2,7.12,-19.98,-14171.12,-5.14,69.27,279.6,16325.18,374.73,3,-254.97,22.87,-867.52,3,171.22,
-348.24,1703.25,6.72,-15.12,-14111.94,UK,5933.78,-374.69,Very high,549.57,-270.54,-364.54,-43.98,-165.52,-334.92,-68.79,-1734.02,2.42,-6720.64,-118.86,2119.43,1376.78,4.71,-1.56,-14355.85,-3.46,20.34,206.31,21143.86,181.68,4,-172.41,20.73,-1348.14,5,183.56,
-177.24,2655.15,29.28,-16,1121.34,UK,3969.78,210.39,Medium,482.91,-277.65,-1305.66,-30.56,-55.74,-1048.7,2.1,3636.62,5.71,-5125.24,-153,1825.2,2433.44,9.51,-6.81,-8091.69,-3.76,34.83,406.98,22512.84,251.37,6,-331.8,19.25,-1710.42,2,180.29,
-228.81,419.94,0.12,-24.82,12808.92,UK,3059.76,238.23,Very high,403.29,-265.56,-943.04,-29.04,14.9,-963.58,21.64,-477.69,2.52,-8403.44,5.98,2731.35,3552.86,9.53,-12.03,-10247.62,7.64,48.39,751.14,19570.24,257.55,2,-254.19,23.38,-1125.04,6,174.6,
-248.34,1917.27,9.6,-23.6,16226.04,Europe,3696.86,-226.82,Medium,357.69,-59.58,-379.36,-36.04,-118.64,-1802.08,-29.03,3282.19,6.81,-3095.16,-135.4,2883.33,1530.4,4.49,-3.84,-5578.48,-2.18,43.71,256.14,26153.88,196.8,4,-258.42,18.74,-2644.26,2,194.38,
43.47,743.13,0,-17.22,3661.32,USA,3997.06,631.3,Medium,473.97,-44.25,-556.77,-22.16,-71.2,-2396.9,-23.26,2923.65,2.93,-4768.66,-23.16,2240.16,2561.16,1.59,-9.51,-7427.54,-5.34,50.1,472.11,21178.4,412.14,5,-88.62,24.58,-2017.14,8,221.62,
-271.17,1792.23,0.02,-14.22,6348.15,Europe,3791.84,-141.24,Low,470.25,-79.11,-628.31,-36.3,-46,-2315.56,-34.23,-324,3.76,-8130.12,-52.5,2604,3551.66,1.45,-1.11,-8524.61,-9.94,43.11,264.9,17249.46,117.57,2,-315.39,7.96,-1219.04,4,114.47,
-296.07,-240,1.7,-20.38,3914.58,Rest,3648.88,354.68,Medium,367.44,-166.38,-896.86,-30.28,-24.72,-1367.52,-18.32,5561.67,-0.83,1170.9,-172.94,2339.27,2533.62,6.08,-23.19,-10474.33,-3.6,50.43,312.84,18185.98,272.67,3,-537.33,21.09,-1240.24,4,150.81,
-287.97,2027.13,91.14,-17.42,16618.29,USA,3123.92,-67,Medium,460.8,-307.41,-699.73,-37.12,-94.56,-714.16,23.39,2178.72,6.5,-9658.88,40.2,2980.12,2530.86,12.51,2.67,-12351.71,-14.78,64.71,273.03,17280.5,202.98,6,-360.93,8.24,-731.08,2,213.92,
40.68,1861.5,2.3,-16.28,4981.38,Rest,3429.2,268.95,High,364.71,-304.08,-593.37,-33.98,-101.58,-1475.06,-27.67,1265.45,2.56,-7142.16,-102.26,2913.24,3041.32,8.23,-14.19,-7007.92,-8.1,46.74,160.02,17646.3,340.41,2,-427.38,27.25,-1659.14,6,163.26,
-85.74,1867.86,0.5,-30.02,24742.47,Rest,4513.28,23.06,High,566.43,-454.08,-363.8,-40.26,36.28,-1799.68,-7.01,11291.69,8.94,1688.82,-168.36,2408.91,2426.76,11.41,-33.78,-8041.24,9.72,53.64,294.45,22502.88,169.65,10,-384.72,20.76,-1695.3,2,220.2,
-227.97,2043.93,4.34,-14.96,10053.78,Rest,3790.44,949.92,Very high,475.26,-251.76,-1044.49,-38.56,-47.4,-1305.46,-83.08,1746.89,1.49,-4870.32,-21.32,2247.48,1915.86,3.03,-9.12,-9764.87,-0.92,59.4,524.7,26526.22,127.35,5,-420.06,20.27,-1157.18,1,185.92,
-117.81,1808.01,0.46,-24.68,10553.7,USA,5630.5,171.16,Low,503.52,-301.77,-483.05,-58.08,-98.04,-2162.16,-38.46,6234.91,4.52,-5793.68,-153.16,2296.8,2804.74,1.39,-4.89,-5706.05,-13.5,44.85,290.28,24102.2,259.38,2,-319.8,19.39,-439.54,5,65.74,
-134.82,421.8,0,-19.36,-6477.78,UK,4395.82,83.02,Very high,342.93,-298.35,-359.65,-35,-76.74,-1259.44,-46.17,2257.71,-0.4,-8568.82,-79,2357.65,1884.24,15.31,-2.82,-7084.95,-9.02,38.73,364.68,16349.1,250.98,3,-296.01,24.68,-1030.6,3,198.59,
-161.46,1943.58,4.98,-14.46,-5674.26,USA,3449.52,755.67,Low,633.63,-476.25,-436.37,-32.94,-90.66,-1843.6,-6.36,1577.94,2.41,3069.26,-88.2,2705.47,2931.76,1.7,0.66,-7566.92,-20.74,50.7,360.21,24785.28,428.16,6,-510.54,18.27,-1046.7,7,188.43,
-345.21,1104.45,39.3,-22.2,8033.73,USA,4303.04,-84.82,High,310.14,-225.18,20.51,-34.24,-63.22,-2094.96,-93.94,6448.75,0.09,-4058.7,-187.68,2228.68,3013.72,4.39,-6.87,-5253.15,-22.8,30.51,330.33,26201.64,268.2,3,-255.69,17.93,-1649.1,4,184.92,
-264.18,1716.48,0.02,-16.04,5607.09,UK,3869.72,-223.48,High,380.43,-402.51,-739.44,-37.52,34.26,-1286.98,12.92,-1944.24,3.18,5310.54,-131.68,3352.78,2282.68,1.87,-11.97,-11984.53,-6.7,52.92,225.81,16362.18,263.46,4,-463.08,14.31,-1694.22,3,99.69,
53.13,2911.05,0.38,-18.48,-5973.3,UK,4245.42,-286.24,High,478.8,-230.79,-833.94,-29.5,-61.9,-2403.06,-15.3,-3050.9,3.65,-17716.38,-77.7,2326.56,3913.98,0.6,-12.6,-2254.04,-8.1,46.68,469.86,29176.24,271.86,6,-272.73,18.1,-2430.2,2,108.82,
-222.3,2857.08,46.66,-13.92,2478.48,Europe,3615.64,329.11,High,513.93,-267.36,-802.86,-38.46,-113.24,-1763.8,-11.32,526.4,-0.35,-10438.94,23.38,2492.82,2527.12,1.93,-5.28,-7259.05,-6.6,63.69,306.78,20047.4,137.31,5,-308.22,13.2,-2730.52,7,144.43,
-295.89,-144.36,0.58,-18.22,760.47,Rest,5316.62,424.28,Medium,506.52,32.94,-739.87,-36.46,-37.04,-2046.96,-40.9,3663.45,2.05,-14489.26,-56.4,2608.03,2621.82,2.52,-2.13,-14811.95,-9,41.04,449.91,22616.86,63.36,4,-455.43,26.52,-2029.84,7,117.99,
-320.34,2859.54,135.62,-17.22,7923.3,Rest,3877.16,262.8,Low,463.23,-201.81,-427.68,-27.2,-64.22,-1805.08,-2.08,-1073.81,4.19,-6961.58,-68.84,2488.4,3002.38,0.89,-9.57,-10970.46,-13.46,57.45,242.46,18375.96,798.33,6,-444.66,21.45,-1360.94,6,135.01,
-248.28,1880.79,2.88,-13.46,17263.44,Rest,3436.9,190.92,Very high,506.94,-364.47,-871.17,-45.98,-191.12,-2196.2,-39.94,19.25,7.9,-25365.32,-94.88,2113.44,2519.8,0.21,-9.12,-9907.58,-25.68,46.62,205.2,28481,43.65,2,-379.17,18.9,-1875.36,3,162.53,
-672.51,3367.05,0.06,-19.54,2283.36,Europe,3644,14.89,Medium,476.61,0.48,80.67,-51.56,-51.94,-409.76,-22.05,5331.53,4.74,-2807.84,-85.4,2102.25,3024.12,1.67,-13.05,-9876.31,-4.08,51.36,356.73,23707.08,257.1,6,-294.66,28.83,-2074.04,8,130.68,
-177.99,2408.34,5,-23.8,17001.51,Europe,4130.36,187.44,Medium,378.99,43.8,-778.43,-26.78,-117.32,-1247.36,-34.26,-817.36,5.24,-12256.4,-95.28,2216.84,2260.12,3.15,-2.7,-8519.72,9.46,77.25,231.21,30305.52,310.89,7,-280.71,21.16,-1635.24,5,163.9,
-236.46,1336.29,0.28,-17.52,-3563.07,USA,3165.08,79.75,Low,556.26,-378.09,-832.22,-32.16,45.44,-2488.52,-23.45,-1144.5,2.03,-3945.66,-65.92,2660.47,3117.44,2.77,3.03,-11626.65,-9.04,28.08,293.76,16692.08,424.83,2,-281.07,16.27,-2142.04,6,33.35,
-285.09,513.39,105.08,-14.82,-9549.45,Europe,3699.86,-222.57,High,487.32,-273.33,-644.72,-29.56,1.2,-569.22,-43.66,3597.24,4.15,-8512.48,-47.98,2588.96,3493.66,2.19,-24.51,-6926.2,-7.2,66,392.25,26382.3,303.42,1,-380.7,18.54,-1264.8,4,187.51,
-245.07,-269.43,13.66,-31.28,7503.03,UK,4531.22,491.81,Very low,461.58,-427.08,-1120.58,-41.56,-80.5,-2195.38,-41.34,-2384.9,4.01,-19284.36,-77.94,1915.59,1489.42,4.43,-7.5,-12716.29,-0.22,56.04,252.75,17481,681.3,3,-361.92,17.19,-2092.3,4,174.63,
-204.12,1272.99,0.8,-28.58,1604.43,Europe,5439.26,-435.87,Medium,492.99,-298.26,-846.82,-27.98,-101.66,-718.36,-40.13,1831.22,7.01,-18500.82,-67.56,2256.31,2124.86,4.98,-25.83,-11294.08,-10.72,65.64,74.16,22781.4,264.03,5,-285.57,19.5,-629.34,2,164.35,
-259.83,529.86,0.76,-17.44,10121.16,UK,4087.76,434.58,Very low,489.12,-323.25,-650.55,-58.78,-55.42,-1559.96,14.12,3173.17,-3.05,-13819.56,7.22,2307.72,2404,1.9,-0.69,-9346.13,-7.78,60.06,301.11,24157.68,6.15,4,-302.46,20.24,-1363.38,4,166.81,
4.32,1367.49,81.7,-33.28,22102.2,USA,3987,192.11,High,496.38,-273.09,-723.23,-19.38,11.92,-774.26,-28.39,-1288.61,-3.54,-2817.6,-63.54,2654.65,3166.44,0.69,-7.86,-12935.55,-9.9,51.84,270.96,24360.36,221.55,4,-208.71,22.39,-1781.08,3,186.68,
14.01,446.73,732.64,-18.6,16745.76,Rest,5122.74,438.4,Low,429.24,-209.88,-1038.33,-33.5,-153.28,-1242.04,-13.31,1033.52,4.32,-6969.4,-189.68,2153.91,2512.58,1.4,3.39,-8618.04,-13.72,46.59,711.9,16481.66,458.22,4,-299.76,19.48,-789.7,3,169.57,
-260.37,3641.58,0.6,-18.86,-3697.14,USA,4809.3,324,Medium,477.3,-303.63,-74.83,-35.36,-35.72,-1674.1,11.85,4018.6,6.51,-10372.7,-25.94,2269.29,3922.34,2.16,-12.39,-13310.1,-18.6,45.81,347.25,28184.1,280.23,5,-332.67,20.55,-577.36,4,196.1,
-226.02,1503.06,0.42,-23.8,11018.64,UK,3497.68,326.25,Very high,446.79,-138,-322.11,-41.92,-38.36,-678.06,-26.85,2760.68,9.25,-10234.26,16.2,1928.73,2979.46,0.92,-12.9,-9789.49,-6.26,56.79,242.79,29082.72,241.41,3,-227.55,21.08,-963.56,3,174.03,
-226.86,1451.01,0.22,-18.24,15372.12,UK,1112.26,129.51,Very low,416.52,-268.05,-981.66,-27,21.44,-1289.86,-16.87,6899.76,3.81,-3074.86,-192.98,2419.92,2711.96,7.05,-9.99,-3333.59,12.8,44.82,265.65,34005.9,292.2,3,-292.89,19.77,-1291.3,3,190.43,
-327.75,1428.09,3.7,-21.94,7183.65,Europe,4277.58,-338.31,Low,584.22,14.61,-783.55,-38.6,-69.5,-2929.7,-40.84,-1153.13,6.37,-8629.64,-39.76,2343.68,3054.38,3.88,19.56,-13978.48,-11.46,41.82,204.45,25803.14,183.3,6,-309.87,18.2,-1532.44,4,179.57,
-331.77,2861.79,97.36,-15.9,-894.84,Rest,3624.34,-62.81,High,471.18,-233.04,-1158.02,-37.52,34.4,-2662.24,-24.53,5808.7,5.68,-13732.02,-90.98,2433.38,2386.56,1.72,-15.03,-9625.47,-13.94,51.96,201.51,23712.94,49.74,5,-460.2,12.32,-1908.62,2,185.56,
17.34,1126.8,15.18,-15.16,4745.97,UK,3779.78,417.09,Very low,518.4,-294.72,-970.78,-43.32,-189.9,-1851.46,-101.41,-439.46,11.84,-2310.74,-104.22,1725.58,1337.52,8.62,-18.15,-3673.89,-25.64,47.85,294.03,20192.92,215.31,7,-141.63,19.81,-911.18,5,132.56,
-242.85,1522.8,5.68,-18.8,8200.05,Rest,3691.32,249.64,Medium,459.51,-328.62,-584.26,-37.36,-104.42,-1726.3,-45.22,-186.14,-0.83,-102.32,-68.6,2572.2,2798.3,1.42,19.8,-13007,-13.36,56.49,301.68,23471.02,232.05,2,-342.78,12,-1626.6,5,171.17,
-305.85,1677.42,573,-12.14,6908.61,Rest,3274.06,195.83,High,528.33,-276.54,-458.33,-41.02,-32.18,-1548.92,-38.26,5633.25,7.9,-12568.46,-144.2,2134.28,1320.52,1.23,0.81,-10359.44,0.52,50.64,340.98,21068.88,254.97,4,-368.43,21.13,-1367,1,208.46,
-264,2972.91,0.24,-14.86,13383.93,Europe,4014.6,205.88,High,417,-516.93,-1241.86,-40.76,-38.5,-1650.1,-59.5,2919.24,0.86,-7587.34,-97.3,2749.93,2846.56,0.45,9.66,-11459.35,-8.58,38.31,417.66,30724.96,541.23,3,-416.58,18.91,-1177.42,3,168.46,
-289.95,-171.93,0.74,-22.36,2436.15,Rest,3619.68,174.7,High,455.85,-153.12,-551.45,-21.42,-66.44,-879.98,-11.57,2907.42,4.61,-23753.22,-191.14,2787.52,2985.36,0.34,-14.13,-7985.18,-17,51.72,539.31,17150.9,242.28,8,-464.28,20.86,-1447.52,2,171.99,
-576.84,2283.24,423.26,-16.72,-1029.84,Europe,3270.82,192.13,Very low,497.31,-274.68,-828.19,-41.32,-46.56,-1389.5,29.21,2119.01,0.93,-9667.44,-59.82,1944.68,2779.78,1.29,-22.68,-10579.48,-8.56,29.88,410.22,27357.22,510.39,5,-356.94,18.53,-1991.72,2,295.87,
-84.81,1201.47,15.02,-17.84,20602.59,USA,4590.7,639.98,Very high,458.07,-351.21,-352.71,-28.98,-135.14,-1645.74,-22.61,1909.97,2.35,-8363.62,-60.64,2279.81,3633.72,0.92,-19.32,-9524.84,1.28,33.66,256.14,24605.28,563.52,2,-312.84,22.43,-2028.5,4,178.18,
54.87,1455.66,2.52,-36.96,3486.21,USA,3568.24,319.76,Low,489.09,-245.25,-320.28,-35.88,-42.68,-1301.4,-20.35,8119.38,5.13,-13867.48,-57.5,2141.88,3031.66,0.14,-9.87,-9691.1,-12.54,38.22,302.07,29829.66,345.75,3,-413.79,21.17,-1073.46,6,191.2,
153.54,908.28,0.14,-21.54,-12884.37,USA,3268.94,316.3,Very high,471.9,-273.42,-969.41,-24.34,-156.44,-1773.16,-1.58,4161.2,5.24,-13583.38,-111.54,2999.24,1812.04,1.6,-4.62,-8804.34,-7.54,52.44,318,17118.58,162.54,5,-327.24,24.43,-2027.36,3,176.14,
-234.24,2820,6.64,-13.36,3525.54,UK,3830.78,-117.86,High,515.88,-199.86,-749.85,-41.7,10.24,-2443.62,-19.68,5339.53,4.88,-6897.08,-54.48,2211.87,2227.56,8.05,-0.15,-7158.02,-3.52,41.79,396.45,14073.04,237.36,8,-383.22,24.51,-1589.24,2,181.45,
-84.54,1401.15,201.58,-18.72,11051.85,UK,3650.04,419.7,Very low,729.87,-193.8,-431.92,-37.84,30.84,-1285.24,-12.45,3508.63,1.85,-750.64,-197.42,2336.05,2004.4,6.21,-10.95,-7705.03,-1.26,44.13,298.44,17125.02,172.83,5,-314.88,20.69,-1703.16,2,202.47,
-236.01,898.92,10657.18,-16.12,8191.29,Rest,3993.72,260.18,Very low,49.44,216,-1027.65,-37.86,-171.56,-1248.04,-108.44,5249.59,4.93,-3782.22,-23.88,2299.45,3161.92,0.97,15.09,-10888.4,-7.66,51.09,266.37,30243.48,222.66,3,-337.71,19.44,-1909.52,3,158.78,
-201.21,1637.55,0.08,-18.92,4278.96,Rest,4127.2,492.89,Very low,488.34,-732.63,-20,-47.3,-104.18,-2156.12,-79.42,1375.98,3.12,-7323.9,-161.92,2558.23,3852.68,3.22,-8.67,-3724.1,-6.8,60.78,132.48,22313.74,224.01,4,-263.31,13.61,-992.36,1,189.34,
-365.1,510.15,10.44,-15.1,22666.2,UK,3829.92,-182.98,High,312.48,-219.51,-1168.97,-34.54,-58.5,-1035.08,-106.45,1244.92,3.49,-7721.18,-47,2424.06,3371.7,1.35,-6.24,-6898.91,-15.66,53.16,317.97,18311.26,234.66,7,-278.76,17.83,-861.74,5,144.44,
-261.69,1197.87,2.9,-19.8,15197.04,UK,2377.44,-149.16,Low,363.15,-10.56,-326.33,-36.32,-42.46,-1235.96,-58.24,-1923.13,2.57,-13524.98,-177.3,3280.93,2977.26,5.06,3.06,-12920.48,-6.58,44.04,2.37,19264.2,519.21,5,-280.14,19.73,-1770.62,3,205.09,
-285.03,1148.25,8.98,-15.44,24206.97,UK,4032.22,413.11,Very low,464.76,-458.64,-974.44,-37.54,-1.66,-1860.7,-22.27,7107.43,5.07,-11184.06,-116.62,2369.05,2946.64,2.4,-8.55,-5187.05,6.84,55.23,364.83,26495.26,252.75,4,-439.02,21.88,-896.02,6,183.11,
142.26,1756.26,4.42,-21.52,39.51,Europe,4072.86,602.69,Very low,553.95,-239.61,-438.26,-50.68,-52.46,-1748.96,-20.91,4078.56,-2.98,-13366.7,-100.62,2536.87,1999.64,2.97,-11.31,-7304.93,-6,51.36,143.55,29083.18,239.19,2,-412.89,19.06,-2503.82,3,154.06,
-180.96,1371.63,2.7,-15.96,17502.6,Europe,2519.4,512.67,Low,767.34,-388.98,-139.76,-34.58,-153.16,-1230.12,-13.14,-1125.14,4.29,-9423.46,-25.78,2284.82,3021.28,3.59,-7.68,-7439.01,-4.74,45.93,286.29,20671.36,340.71,5,-206.82,40.49,-1541.24,2,157.19,
-252.6,1513.5,0.14,-13.5,9456.57,Europe,3336.84,590.3,Low,485.7,-207.12,-480.14,-36.9,-29.48,-2143.92,-49.05,1224.96,4.55,-15803.5,-212.44,2530.78,2531.28,1.74,9.96,-9782.15,-10.28,52.2,267.54,19434.56,168.12,4,-310.8,21.47,-2727.9,2,165.41,
-310.77,190.83,0.98,-15.98,-5633.1,Rest,4522.02,-77.49,Very high,519.69,-331.2,-670.73,-37.16,-29.88,-2141.16,-64.32,8400.08,1.42,-12083.34,-8.92,2620.19,2574.92,4.86,3.33,-13509.56,-8.04,48.63,196.56,20688.14,258.9,4,-420.96,9.42,-1074.24,2,192.94,
-327.63,2610.45,5.44,-15.04,13247.79,USA,5388.48,355.93,Very low,185.88,-68.82,-504.26,-40.56,-93.84,-2211.56,-35.31,858.14,4.94,-640.76,-67.9,3190.54,1867.92,1.81,0.99,-11859.24,-19.62,48.12,275.55,17756.68,273.27,4,-230.88,23.54,-1898.76,7,202.73,
-174.99,2601.48,5.54,-24.14,2588.88,USA,3031.18,-132.57,Low,398.61,-117.87,-703.48,-34.6,119.66,-513.36,-14.04,1191.58,4.54,-11582.88,-65.26,2226.32,2703.52,2.42,-5.76,-11751.64,-14.32,51.6,309.66,20692.88,337.29,4,-161.22,22.03,-2399.1,1,193.77,
-112.59,1171.29,0,-17.54,4925.76,USA,2036.56,-132.74,Low,487.08,-19.41,-136.64,-20.6,41.5,-2288.02,-23.3,7417.8,1.66,-10804.72,-58.2,3145.55,3175.42,0.72,-0.48,-9113.49,-11.24,34.86,145.62,28324.86,242.46,6,-366.09,20.28,-942.76,5,108.92,
-306.96,3578.43,3.62,-19.66,8012.01,USA,3911.92,243.47,Low,511.62,-200.76,-636.5,-33.32,-141.32,-2650.56,-7.41,563.71,3.88,-5132.82,-28.16,2025.29,2836.96,2.12,-4.5,-10679.86,-6.66,27.51,273.39,24252.22,481.74,5,-232.59,31.31,-1542.22,4,240.63,
-182.28,560.37,0.04,-15.38,-10527.63,Rest,4353.22,199.39,Very low,628.29,-328.14,-133.28,-47.44,-107.9,-1494.64,1.81,4979.64,0.71,-7668.24,-72.48,2811.7,2406.1,3.62,-31.41,-9493.6,-5.04,59.4,226.44,20629.62,310.68,5,-377.49,19.83,-9.2,3,173.28,
-73.89,1432.14,4.62,-17.56,466.32,USA,3203.6,146.93,High,540.06,-334.02,-142.96,-38.06,-5.4,-1707.76,-72.37,-4531.39,5.38,-11609,-176.58,2535.95,2104.74,5.91,-6.57,-11475.45,-1.26,24.81,307.38,13714.5,206.58,3,-242.46,20.59,-1220.5,6,77.1,
-609.69,1623.81,4.84,-20.38,6408.18,Rest,2861.28,477.81,Very low,416.07,-202.14,-1303.66,-72.26,-91.6,-2106.3,-45.94,9780.66,0.85,1444.6,-75.02,1606.78,1874.76,7.65,-16.35,-8947.28,-10,47.94,337.38,32111.7,214.29,9,-306.45,27.29,-1449.18,4,229.62,
21.75,1471.68,10.16,-30.66,1609.95,UK,3894.48,561.99,High,450.21,-318.69,-699.07,-36.3,-11.06,-2146.02,-10.57,-1911.45,0.34,-6024.56,-137.36,2428.41,3182.78,7.82,-5.67,-7779.68,0.64,49.26,323.97,16844.44,372.36,2,-355.8,21.09,-525.12,3,181.74,
-412.47,2138.61,291.36,-31.4,1929.93,USA,3626.2,341.27,High,494.91,-296.85,-781.61,-27.1,-34.28,-1875.98,-43.51,6356.16,3.53,-5966.82,-126.32,2263.39,2773.66,1.38,17.61,-6465.38,10.1,50.52,285.75,18716.08,211.17,5,-471.78,18.88,-1539.62,6,68.97,
-179.7,1899.78,12.76,-22.14,117.03,Rest,3544.6,96.2,Very low,491.88,-197.82,-459.42,-36.84,-214.78,-1329.32,-30.94,1550.63,6.84,-2762.74,-140.5,3107.24,3192.6,0.93,-3.51,-5091.89,-13.08,53.7,338.16,16652.18,68.61,2,-227.55,18.03,-1608.86,5,179.27,
-230.82,1860.57,0.04,-14.32,7667.73,UK,3712.5,865.96,Low,402.96,-318.36,-368.66,-55.92,-129.82,-1157.86,29.81,4077.66,2.26,-13965.36,-76.48,2128.29,2809.42,4.59,-19.05,-5846.6,-14.62,63.45,-87.9,16259.86,267.36,2,-198,24.33,-1546.72,3,158.6,
-243.06,1286.97,83.54,-16.34,-1390.05,USA,3939.56,308.94,Low,428.07,-319.68,-758.4,-45.74,-18.7,-2409.92,-55.26,1151.09,4.89,-1033.66,-54,2698.68,2300.2,4.13,-5.4,-14255.58,-17.48,37.05,336.24,16718.28,275.7,3,-345.48,18.95,-500.6,2,186.68,
-297.78,3441.9,788.16,-22.3,3557.46,Europe,3618.34,-146.9,Very high,469.74,-191.25,-1106.85,-34.92,-139.14,-1765.78,-13.51,1867.69,10.09,-1235.12,-36.02,2131.8,3233.28,3.41,16.08,-6286.07,-14.1,44.31,376.05,26058.68,198.24,4,-333.39,9.18,-1174.72,2,247.99,
-482.16,2183.04,0.54,-15.62,-7548.42,Europe,4692.62,221.41,Low,598.77,-316.83,-378.83,-41.44,-38.98,-2330.5,8.27,190.37,5.59,2601.32,-114.06,2186.91,1490.46,1.29,-12.63,-11182.07,-16.12,50.88,441.03,19236.42,248.04,4,-297.12,20.7,-852.16,2,105.13,
-286.08,1804.2,1.22,-12.94,20685.63,Rest,2290.76,250.27,Medium,723.45,-236.1,-374.87,-44.96,-16.62,-1201.92,-19.12,1494.37,7.51,-1768.9,-118.56,2244.8,2336.66,3.82,-9.42,-6318.56,-10.42,41.55,282.54,15566.56,385.05,0,-321.63,23.18,-2028.1,4,158.94,
-245.67,1472.64,44.24,-26.2,6697.68,UK,4243.64,-357.89,Very low,330.81,-354.96,-678.34,-47.92,-108.88,-837.36,-65.8,2972.67,5.07,-13395.36,-112.86,2262.12,2442.26,2.23,-6.75,-8320.21,-8.48,44.04,153.24,23836.68,103.59,7,-457.89,12.69,-1208.6,5,171.77,
-229.05,1468.83,1.1,-13.56,-11372.97,Europe,3485.4,659.71,High,575.49,-272.64,-571.01,-36.48,32.28,-1646.34,-21,4663.07,-0.12,-7762.88,-131.46,1655.26,3148.68,0.16,-20.7,-7047.78,1.84,42.51,241.11,10916.32,110.49,3,-165.3,22.58,-1528.28,5,177.98,
-477.21,301.05,220.8,-14.02,8842.05,UK,3542.4,-60.44,Low,414.48,-157.08,-350.61,-32.48,-77.82,-1326.58,-58.76,3292.01,2.06,-11490.3,-136.76,2039.9,2446.44,9.71,-1.41,-8044.22,-14.26,48.21,290.61,23585.82,140.4,2,-313.23,16.5,-1033.24,6,169.42,
-91.32,2221.17,3.68,-21.38,84.48,Rest,3848.86,295.38,Very low,232.05,-403.11,-719.15,-35.48,66.52,-922.96,39.02,5816.85,7.53,-12148.44,-13.36,2638.63,3172.94,8.22,-3.72,-10866.11,-3.98,54,291.09,14891.86,243.03,3,-490.35,23.42,-1163.42,7,208.18,
-262.11,2795.97,10.66,-16.36,16988.55,USA,3611.4,128.58,Medium,580.44,-237.03,-630.23,-34.3,-74.82,-2068.1,-1.38,4096.51,8.45,-14011.82,-53.04,2552.45,2370.4,3.61,-10.77,-10114.77,-4.3,49.23,265.53,28130.76,201.66,8,-108.96,25.11,-1031.32,2,203.68,
-211.44,4173.6,14.06,-26.04,-1946.31,USA,3838,-497.02,Medium,568.11,-241.98,-316.18,-34.4,-61.88,-1788.96,-61.18,4377.52,1.25,-11781.12,7.74,2013.94,1844,5.53,-1.92,-7901.69,-9,34.65,426.36,17616.94,256.08,3,-179.85,30.18,-1502.02,5,154.47,
-326.55,687.57,8.86,-13.48,-5729.22,Rest,3176.26,598.01,Very high,585.93,-247.98,-694.54,-29.02,-87.2,-1710.7,-27.56,6828.24,7.62,-7598.36,-45.92,3075.69,2288.6,7.72,-16.71,-11893.2,9.76,53.07,315.75,20508.76,276.48,4,-295.71,20.23,-863.44,4,161.15,
-411.96,940.35,2.4,-17.98,5696.97,Rest,3259.78,68.84,Medium,511.74,-333.72,-466.43,-39.12,-115.72,-1095.34,2.72,186.64,6.63,-1669.24,-73.98,1881.39,2525.16,10.4,-9.84,-10716.42,-17.3,40.44,354.69,21855.52,251.46,2,-345.54,22.92,-1396.74,6,209.78,
-237.48,3096.21,1.94,-15.54,13244.64,Europe,3612,664.26,Very low,612.09,-219.54,-95.24,-45.62,-67.34,-1216.62,-38.12,-2622.96,7.09,-2907.9,5.14,2456.05,2257.04,3.18,0.78,-8459.8,-2.04,31.38,315.03,25500.3,133.89,4,-345.72,18.86,-1365.68,4,204.33,
-247.65,1893.27,0.42,-14.46,16651.26,Rest,3252.34,201.46,High,537.45,-241.53,-1070.2,-30.14,-47.38,-969.58,-33.88,5042.02,2.03,-10626.46,-78.62,2940.73,2618.48,4.66,-10.95,-12946.27,-16.5,47.28,269.79,17969.08,477.96,3,-433.08,18.53,-1110.24,3,174.99,
-237.84,264.24,4,-19.96,15294.84,UK,3984.3,459.06,Very low,458.1,-357.99,-811.71,-20.54,-13.84,-1450.38,-50.93,390.91,6.22,-22504.28,-90.96,2240.48,3091.22,3.07,-17.58,-11363.25,-4.3,48.12,426.93,20929.58,185.73,6,-360.6,21.81,-1835.2,7,224.29,
-241.23,290.7,1.34,-15.5,6581.43,Rest,4633.04,-739.43,Low,520.92,-411.36,-304.12,-39.1,32.42,-1552.12,-55.61,3221.66,4.17,-11311,-14.84,2076.06,2846.9,2.19,-9.87,-7346.6,-3.98,40.98,273.6,17015.38,226.98,4,-389.25,21.57,-1569.16,2,105.92,
-364.47,1328.13,0.24,-13.04,-7402.8,UK,2658.1,53.02,Very low,470.22,-224.94,-628.86,-63.12,-36.48,-821.04,39.46,5533.51,4.19,-7704.26,-31.48,3012.46,1949.7,1.3,7.2,-9904.25,-7.62,43.5,234.48,18349.94,38.07,3,-429.66,23.64,-923.42,2,227.81,
-243.24,3291.51,0.38,-25.36,667.68,Europe,2616.68,45.53,High,247.05,-397.11,-1320.54,-35.38,-72,-970.64,-68.7,2535.45,0.09,-7490.66,4.8,2292.8,2211.38,1.18,-0.93,-8941.67,-5.88,45.63,197.4,29422.1,249.84,2,-433.02,14.04,-1596.5,4,132.29,
-127.95,1641.96,1.36,-18.18,16134.15,Europe,3795.5,-12.8,Medium,411.39,-334.74,-456.74,-33.12,-72.96,-2687.5,-30.62,2306.96,1.38,-16459.6,-79.08,2016.24,2135.42,2.23,-2.22,-6283.82,-8.9,53.13,457.83,18459.98,263.07,2,-219.54,21.4,-2427.38,1,120.35,
-283.11,2642.1,0.2,-20.58,9507.78,UK,3635.46,205.31,Very high,328.74,-385.29,-488.48,-37.92,-22.98,-1175.2,-75.9,7860.52,6.24,-13341.48,-86.28,2308.61,3151,0.69,5.76,-6970.94,-5.1,47.64,205.53,14169.9,164.01,4,-337.53,23.09,-1385.64,4,195.07,
-280.11,2337.6,0,-19.6,9606.93,UK,3806.9,589.64,High,395.79,-87.18,-104.16,-32.88,-76.22,-1253.38,-58.94,1621.62,8.37,-2953.26,-118.78,2343.24,2435.82,14.74,-17.55,-12488.63,-4.36,16.11,262.86,29735.54,341.76,3,-320.25,28.24,-1969.82,5,170.64,
-369.75,1103.37,0.4,-24.42,-5842.92,Europe,2705.24,72.81,Medium,474.66,-188.34,-490.37,-37.16,-30.96,-1589.28,-65.65,3825.14,8.38,-81.76,-83.96,1970.79,3756.28,1.81,-11.64,-8496.95,-12.5,44.34,305.22,13595.14,225.87,3,-415.14,26.38,-560.32,3,169.97,
-190.92,1018.2,0.18,-15.54,9319.68,Rest,3252.18,323.38,Medium,467.4,-462.03,-562.82,-40.84,-50.78,-1589.68,-6.91,5232.38,9.92,-11016.6,17.22,1966.81,2308.48,3.93,-4.02,-7901.22,-1,92.13,300.51,26202.26,221.73,4,-307.26,18.12,-1553.36,2,203.43,
-145.56,240.6,231.96,-19.48,26145.33,Rest,4137.1,243.25,Low,436.14,-279.15,-392.01,-26.48,62.32,-1615.08,16.35,2479.27,2.31,-12746.34,-57.44,3048,2910.44,3.53,-18.96,-11852.7,-16.36,62.43,204.84,23575.34,260.34,5,-293.16,30.9,-117.72,9,143.85,
-163.59,1347.06,1.04,-16.06,9427.2,Rest,3844.3,410.36,Medium,431.04,-290.49,-983.74,-34.16,-75.16,-2161.1,-57.57,1137.35,3.65,-2374.72,-37.54,2358.34,2666.2,2.57,-2.13,-13739.27,-12.48,50.01,294,19142.86,253.17,2,-328.92,17.42,-1884.4,3,187.34,
-182.91,702.99,1.1,-18.48,19731.6,UK,3440.32,-242.68,High,445.14,-239.34,-1254.95,-39.36,-64.38,-1891.32,43.97,1145.87,2.23,-10388.34,-7.98,2372.04,2065.24,3.62,-17.91,-10555.38,-16.2,42,218.73,27971.26,172.35,2,-280.98,18.41,-2137.54,3,166.5,
-216.66,1065.99,19.88,-24.88,13416.78,UK,4277.4,-170.69,Low,487.65,-123.06,-496.29,-25.7,21.76,-1650.8,19.41,5856.34,1.81,-15118.58,-109.6,2269.96,2531.68,1.81,-3.36,-204.64,-7.42,43.8,433.59,28390.88,209.88,5,-153.57,16.7,-2649.04,3,185.46,
-121.53,1551.48,0.1,-28.66,13503.66,USA,5196.86,304.47,Medium,501.27,-351,-508.31,-36.7,-39.9,-428.14,16.66,6560.46,3.46,-6036.34,-211.88,2626.43,2763.22,2.74,-11.49,-6719.7,-7.12,48.21,265.2,17309.58,229.38,6,-225.69,23.6,-1293.58,4,204.87,
-258.66,2244.27,3.42,-14.78,-5869.26,Rest,3743.58,-328.05,Medium,478.95,-437.01,-768.04,-34.6,-51,-1521.82,-21.5,123.14,5.91,-12028.44,-115.54,2596.46,2106.56,2.42,-15.27,-9592.69,1.78,34.56,294.93,13662.14,234.48,5,-369.54,22.75,-725.14,4,149.13,
-156.15,613.05,0.06,-18.2,-2286.57,Rest,4453.64,-170.63,Medium,697.08,-308.04,-287.94,-54.76,46.42,-342.42,-63.55,11971.96,1.03,4112.16,61.36,2351.65,2399.94,9.48,26.85,-7371.91,-7.22,43.71,406.5,22594.82,255.39,5,-436.89,15.39,-1806.82,3,169.41,
-132.33,3003.96,0.24,-17.44,8246.97,Rest,3812.06,-273.55,Very high,483.03,-219.57,-226.3,-40,-77.42,-2381.42,-6.95,2308.63,-0.11,-5354.98,-14.48,1615.05,2859.32,5.59,-10.95,-9183.07,-0.54,36.45,358.77,22040.3,275.52,6,-385.47,20.5,-1773.4,5,152.88,
-235.89,2162.31,0.7,-18.16,18491.64,Europe,3806.08,-305.95,Low,543.39,-303.36,-763.63,-47.68,-135.58,-1485.3,14.57,395.63,7.97,-10698.58,-179.04,2335,2343.62,6.46,2.07,-9183.05,-19.74,57.96,494.37,17327.76,429.84,3,-436.02,20.71,-367.08,5,215.04,
83.04,2519.7,0,-19.72,19926.54,Rest,4637.8,-14.05,Very low,660.63,-601.59,-796.67,-43.74,-0.1,-1203.06,-81.09,2979.86,4.03,-15188.44,-129.94,2573.65,2972.14,19.39,-36.18,-6288.58,-7.86,50.94,233.88,13634.26,184.11,0,-310.29,15.59,-1971.02,10,54.21,
-60.93,1550.82,0,-25.36,3437.01,USA,2403.54,266.94,Medium,484.35,-249.81,-595.29,-42.68,-68.88,-2126.62,40.16,7828.72,2.44,-12898.5,-209.52,2339.08,2979.62,4.34,-3.09,-7750.63,-5.8,64.65,-73.5,22595.16,539.85,7,-423.84,18.75,-1009.86,7,189.72,
-169.02,246.18,0.14,-15.76,11087.88,Rest,1610.36,570.18,Very high,456.93,-587.67,-795.77,-40.06,-133.24,-922.96,21.59,2545.24,7.51,144.4,-93.62,3542.99,2705.46,11.37,5.22,-8911.53,-6.3,41.79,340.11,17175.76,335.7,3,-393.39,18.26,-1875.46,2,153.44,
-295.05,2100.69,0.12,-20.94,5321.61,Rest,4853.92,22.15,Very low,450.75,-273.18,-286.12,-37.16,52.64,-683.56,4.58,1644.01,3.74,-6816.2,-219.12,2161.54,3238.74,1.51,-26.7,-9288.87,6.88,46.86,415.56,28707.5,491.91,3,-343.26,22.48,-1145.18,6,259.84,
-451.14,1725.66,0.9,-24.42,17355.36,Europe,3681.22,-44.41,Low,502.02,-362.43,-235.22,-46.66,-55.82,-1254.98,-52.91,907.95,7.33,335.9,-122.22,2035.94,2822.58,4.2,-7.32,-11285.2,-10.02,47.07,354.93,25420.8,186.75,6,-314.91,17.16,-1720.22,6,195.8,
-138.69,87.81,0.38,-19.28,12376.47,UK,3809.9,333.03,High,589.32,-185.16,-293.53,-37.52,-40.76,-421.8,-55.2,4291,2.04,-11507,-44.22,2603.6,2547.04,1.85,9.51,-10730.01,-5.46,48.84,231.51,27312.64,-37.86,3,-268.98,20.36,-1770.16,2,170.67,
-250.83,1913.01,0.08,-23.66,1154.52,Europe,3361.58,-70.36,Very low,376.89,-238.35,-468.43,-34.2,-119.32,-1088.06,-24.59,2142.86,-3.3,-18021.14,-175.86,3034.82,2253.74,1.25,-3.87,-6446.07,12.28,37.38,38.28,28576.6,282.09,5,-342.21,19.92,-31.44,4,183.78,
-133.83,1327.08,1.68,-24.16,11891.04,Europe,3250.48,53.5,High,514.14,-419.73,-744.25,-32.98,-28.64,-2392.04,-12.71,1841.27,8.14,-11569.26,-124.14,2427.54,2992.36,1.41,-7.41,-6139.35,-3.08,43.5,246.36,13755.98,432.36,6,-225.03,19.96,-1198.24,7,134.62,
-150.21,2818.44,2.84,-17.12,20250.57,USA,3688.14,123.52,Low,365.85,-206.1,-718.33,-35.68,-100.52,-1820.28,5.47,776.67,7.34,-1356.68,-154.38,2406.17,2534.98,2.1,-8.55,-8905.96,-6.7,58.68,377.25,23721.94,304.14,2,-234.81,11.38,-1849.04,4,168.9,
-216.6,2744.58,0.2,-21.64,6617.28,Europe,4252.48,470.26,Medium,643.02,-274.35,-1074.47,-43.44,-23.98,-1875.4,-27.67,3696.47,6.49,-5790.64,7.28,2372.08,2340.08,7.1,-1.08,-8145.87,-13.64,55.5,320.19,18233.52,262.05,3,-139.05,19.45,-1227.4,2,157.4,
-261.78,1967.16,0.04,-17.56,10617.3,Europe,3716.4,235.65,Medium,667.53,-258.39,-675.44,-12.46,-52.78,-1156.88,-46.7,8402.91,-1.17,-10996.48,15.56,2330.25,2019.92,2.19,-9.69,-9397.86,-4.56,47.28,392.7,21672.02,196.47,3,-303.03,18.53,-2432.48,7,161.48,
-171.57,416.22,12.64,-19.66,21350.07,UK,2194.24,32.35,Very low,717.15,-298.92,-633.99,-45.66,-88.98,-998.32,-49.44,3005.29,7.7,-10956.2,-95.84,2417.01,2425.52,5.76,-27.54,-5024.47,2.36,53.55,225.06,23174.54,271.62,5,-467.13,21.83,-2071.46,4,152.39,
-171.54,2734.5,0.44,-12.58,22051.35,UK,4330.02,133.11,Low,370.41,-225.96,-408.57,-32.4,-30.84,-1461.88,24.1,990.62,1.89,-4518.6,-117.68,2137.82,2181.22,1.42,-4.14,-8720.54,-1.6,41.04,336.96,14917.34,250.92,4,-457.68,22.4,-1232.52,5,160.49,
-182.25,1235.1,0.34,-12.76,7205.97,Europe,2967.08,-0.89,High,427.98,-203.01,-409.26,-22.2,-153.98,-2569.66,-50.17,-3746.09,-3.71,-17150.34,-83.06,2176.77,2530.38,2.14,0.24,-9687.4,-4.4,39.24,235.68,33003,124.59,3,-268.92,24.27,-773.16,4,165.8,
8.67,363.99,0.26,-23.2,16327.62,USA,3806.38,47.8,Very high,516.51,-120.96,-295.63,-11.42,-6.4,-1962.38,-18.79,-1116.04,2.78,-3621.14,-70.72,2131.56,2679.24,7.91,-13.71,-9761.36,4.94,54.03,305.4,24740.44,268.2,4,-295.95,22.3,-1856.28,3,161.68,
-544.17,2280.54,0.26,-15.8,10602.57,UK,3192.04,-265.62,Very high,562.53,-391.71,-544,-28.16,-173.86,-2467.1,-11.21,730.2,7.51,39.42,-67.52,3078,2952.28,1.37,-56.13,-11290.84,-14.92,49.29,301.26,15768.58,226.23,4,-359.31,22.45,-1461.84,4,180.85,
-79.41,979.08,3.62,-22.02,4746.36,Europe,3675.72,294.82,Medium,359.4,-110.94,-1057.93,-31.9,-170.8,-1949.52,-24.49,-369.47,5.81,719.44,-125.12,2242.85,2142.62,4.48,-9.57,-12257.17,-6.78,47.67,313.74,30322.8,226.08,3,-95.28,18.84,-1655.6,4,282.61,
-243.93,1432.26,0.38,-17.32,6694.83,USA,1696.96,233.24,Low,401.13,-191.82,-261.74,-56.52,-102.48,-1502.58,-22.29,3518.43,3.8,-12310.26,-135,2227.71,1913.06,8.23,-3.78,-11754.34,-7.28,42.87,372.03,35373.06,99.21,9,-318.84,35.8,-2591.68,5,139.76,
-108,895.62,9.26,-32.02,12216.63,USA,3578.64,-29.45,High,548.19,-373.53,-652.96,-26.36,-78.78,-1256.44,-32.72,1630.66,5.56,405.94,-177.98,2757.01,2352.74,1.75,-2.97,-8082.95,-8.08,26.79,384.27,22074.36,224.76,7,-194.19,18.82,-710.82,4,158.55,
-184.14,1967.46,0.66,-22.62,3343.92,Rest,3534.92,-259.13,Medium,524.04,-379.77,-535.89,-40.74,-69.1,-2599.9,16.08,4998.18,1.62,-7123.46,-51.7,2409.61,2641.82,3,-14.25,-6919.08,-3.78,39.21,253.47,31624.14,116.52,4,-320.91,8.67,-720.02,2,172.7,
-207.09,1809.3,0,-26.98,-5070.69,UK,3821.84,113.1,Very low,456.03,-179.07,-940.14,-41.7,-74.5,-1108.58,7.65,3449.98,1.13,-10853.52,-125,2485.59,1390.36,2.19,-6.39,-7768.54,-25.92,55.86,313.71,24907.98,302.19,5,-371.97,22.56,-263.28,1,158.63,
-219.84,567.03,2.78,-31.62,-7941.96,UK,3568.16,-24.68,Low,427.53,-264.99,-245.8,-30.24,5.62,-1091.06,-33.51,3064.91,0.33,-10206.64,-79.64,2261.72,1748.98,5.18,-11.28,-12612.27,-10.16,33.87,427.8,14682.8,247.62,3,-211.11,19.33,-1656.06,4,150.01,
-253.08,2446.41,0.34,-17.14,3540.9,UK,3339.94,-129.11,Very high,463.02,-370.05,-170.6,-36.32,41.24,-1040.34,-62.39,334.62,1.88,-16058.58,-20.96,2737.87,2534.3,2.49,-24.39,-11128.78,-10.98,43.02,336.54,25267.96,336.99,4,-330.39,14.71,-687,6,131.1,
-309,1641.33,1.9,-14.92,11115.33,UK,4629.1,-33.61,High,437.58,-264,-766.62,-36.3,-22.64,-3290.8,-20.3,3841.92,3.7,5347.64,-177.18,2193,3172.4,3.95,-1.02,-9471.84,-8.8,5.28,248.52,23621.6,29.73,1,-263.52,20.16,-320.38,3,165.14,
-40.98,825.66,400.36,-16.5,18324.9,USA,3908.4,89.92,High,448.17,-261.27,-244.47,-18.92,-52.94,-2036.82,-29.16,-933.31,-0.17,-13319.98,-218.86,2289.89,3342.14,2.25,-8.04,-8446.22,-5.8,46.41,310.65,33356.22,357.21,6,-397.29,18.89,-691.88,3,182.97,
-316.5,2964.33,115.6,-17.12,8494.98,UK,3816.4,-58.65,Low,474.78,-289.11,-599.86,-36.1,-104.9,-2614.84,-73.97,4153.16,3.71,-5549.6,-125.42,2613.4,2767.9,1.62,-11.76,-3200.57,-6.24,51.27,279.03,22138.12,202.95,7,-415.08,21.68,-1230.82,0,173.96,
-259.26,3883.95,0.5,-18.02,2710.38,USA,3714.56,512.63,High,480.63,-176.49,-578.63,-31.68,-45.82,-1058.88,-60.23,1011.18,-1.22,-3122.66,-34.08,2289.12,3848.88,4.42,-24.27,-4597.85,-3.62,68.01,293.37,20674.32,31.89,2,-283.86,13.33,-1627.28,5,176.63,
-334.08,1333.65,0.4,-16.98,-3290.49,UK,2930.74,-110.21,Medium,423.03,-17.31,-943.82,-38.28,-9.36,-534.44,-66.27,1165.38,3.78,-4006.82,-115.16,2215.22,2611.62,6.13,-15.42,-11933.85,-7.52,86.76,320.67,28533.52,263.43,7,-381.48,19.45,-1389.6,6,65.92,
-543.57,2149.14,13.68,-16.06,5669.19,Rest,1971.46,385.16,High,510.09,-183.72,-633.41,-28.96,-312.86,-1235.1,-61.93,2380.38,-2.7,-15306.58,-124.66,2404.86,2504.52,8.31,-6.09,-12027.43,-11.54,43.05,221.64,9696.86,199.35,6,-231.84,18.55,-1727.22,5,212.87,
-212.22,1693.29,0.72,-14.36,2141.19,UK,4232.8,-138.59,Medium,528.06,-315.75,-458.2,-42.14,-27.86,-1567.7,-44.14,253.97,5.42,-7378.76,-113.82,2346.34,2658.72,6.5,17.16,-12555.96,-6.68,23.58,378.72,17642.12,158.31,4,-211.98,23.89,-1226.88,2,184.18,
-211.71,2362.32,0.1,-26.3,15775.89,Rest,3834.82,352.32,Low,449.01,-296.61,-371.79,-35.06,-135.08,-1681.56,-23.31,964.18,4.43,-6778.46,-107,1917.99,2994.24,0.92,-7.71,-12765.43,-16.16,53.67,352.83,17734.62,262.44,7,-263.13,19.04,-1473.64,3,161.22,
-296.82,353.97,0.3,-14.44,8764.05,Rest,3118.48,-71.09,Very high,408.9,-126.09,-690.56,-40.32,-105.26,-1360.2,-20.52,-2998.91,-1.63,-11082.52,28.4,2509,1728.78,5.88,-25.89,-6534.71,-20.26,38.31,376.47,18259.52,256.11,4,-471.75,20.25,-1424.14,4,172.8,
-166.98,1232.73,598.3,-16.62,3310.89,Rest,5597.04,657.22,High,484.8,-153.6,-231.6,-17.74,-140.6,-1340.66,-87.65,7226.16,2.33,-16479.64,-137.04,1975.46,2430,2.86,-44.4,-13047.71,-11.44,42.63,44.88,21038.98,213.21,4,-405.45,19.5,-1836.44,4,153.28,
-231.63,1145.28,9.62,-31.08,4043.91,UK,3923.86,323.98,Very low,342.15,-339.99,-210.17,-53.24,-167.98,-1483.22,-39.93,1607.88,6.13,-24046.98,-18.54,2674.19,2819.86,1.79,12.6,-5250.25,-21.16,52.41,171.78,22957.5,310.23,3,-258.93,22.61,-1041.56,2,91.81,
-225.06,2465.91,3.1,-20.32,4780.53,Europe,3751.76,58.37,Very high,715.53,-443.25,-1171.02,-40.82,-30.16,-1900.72,-2.38,8991.54,7.45,-8102.94,-18,1952.49,4632.78,1.93,-7.98,-19889.13,-14.86,53.13,282.24,13684.4,221.76,3,-303.42,18.99,-877.36,2,141.91,
-186.39,2915.37,1.32,-17.06,13475.7,UK,1444.28,-2.7,Very high,346.26,216.93,-305.18,-35.04,-163.34,-1227.62,-18.45,5604.83,1.14,-4157,-49.4,2620.41,3005.94,1.38,-0.33,-10069.39,3.14,40.32,228.6,23500.84,62.19,4,-351.39,29.61,-872.62,7,254.72,
-280.92,-105.12,0.16,-14.06,-839.28,USA,2314.12,-204.47,Very low,567.87,-57.9,-544.29,-38.3,22.34,-2008.6,-37.99,5992.78,0.03,-5158.98,-102.48,1865.06,2809.1,1.71,-6.36,-8452.94,-6.42,37.83,235.29,19254.48,171.24,2,-348.27,28.79,-2312.24,5,108.32,
-192.36,1676.52,0.02,-17.04,11178.69,Europe,2851.84,124.54,High,283.77,-168.09,-376.69,-26.56,-14.8,-406.3,20.5,1279.58,1.49,-12287.02,-91.76,2419.92,2260.14,1.14,-14.91,-10911.82,-11.28,49.35,257.76,22459.18,19.14,3,-368.88,19.64,-1053.32,4,169.42,
58.95,1336.26,0.12,-18.66,7959.45,UK,1871.8,346.7,High,572.82,-190.89,-194.48,-25.1,-9.62,-1750.16,78.14,4127.77,3.76,-9063.14,-26.06,3393.75,2462.5,3.56,11.79,-10328.75,-9.46,50.91,147.87,14205.42,76.62,5,-262.95,16.01,-1889.68,4,171,
-440.07,544.14,14.28,-16.2,2358.3,Rest,3572.86,708.52,High,360.75,-214.38,-843.89,-37.82,7.1,-2448.52,-17.65,233.15,4.9,-19747.86,-101.9,3833.99,2673.74,4.22,-6.54,-6232.86,-15.62,68.01,300.36,34122.9,322.05,7,-392.22,19.77,-1889.5,2,217.53,
-216.42,1343.49,0.02,-14.66,-1975.71,UK,3600.98,358.49,Very low,101.55,-305.22,-226.59,-39.76,7.62,-1045.32,-35.41,4043.81,8.65,-8630.88,-130.68,2268.88,1149.08,1.23,-15.27,-10662.93,13.78,40.65,321.66,24308.12,119.76,1,-448.95,23.27,-1418.64,3,171.94,
2.7,1616.46,39.24,-20.2,-5183.31,UK,3480.08,514.52,Low,668.85,-423.84,-519.94,-36.82,-8.6,-823.7,-84.81,4451.89,2.84,-11436.16,-163.8,2387.31,2825.7,2.99,-4.26,-7633.32,-1.46,56.73,390.96,18015.92,195.6,3,-404.67,21.5,-1847.78,4,161.39,
-357.66,1563,1.42,-18.72,4117.68,UK,3524.32,663.04,High,607.59,-417.63,-663.68,-69.38,-52.72,-2073.18,-26.06,7697.58,0.44,2131.24,-11.84,2658.49,3583.18,1.74,-5.13,-12031.47,-6.7,53.25,404.7,24103.56,157.71,5,-289.56,12.56,-1793.24,5,141.74,
35.13,689.55,0.22,-23.64,16353.54,Europe,2833.4,23.21,High,455.25,-193.23,-403.55,-31.26,-90.2,-1932.92,-51.17,122.99,2.29,-6312.38,-58.44,2560.05,3610.26,10.04,38.46,-5792.94,-6.38,50.07,348.99,31417.58,225,2,-308.1,22.15,-1859.82,4,176.38,
-249.78,989.07,0.16,-18.4,2897.31,Europe,3519.78,-31.04,Very low,562.74,-303.24,-1008.33,-55.52,0.32,-2192.82,0.69,3356.38,5.89,-1484.68,-73.58,2864.83,2423.54,5.11,-3.09,-9324.87,3.72,52.74,409.71,14333.82,569.88,5,-289.68,18.21,-1514.32,5,176.11,
-225.75,580.26,0.1,-18.38,9047.22,UK,4245.8,321.43,Medium,444.15,-252.57,-319.52,-36.76,-22.88,-834.04,23.86,5201.87,3.13,-5304.92,-38.76,2739.54,2804.98,2.72,-1.05,-11092.08,-3.06,29.37,262.74,9638.88,204.99,5,-356.13,13.12,-2324.46,5,172.23,
-184.26,2006.73,4.2,-18.86,4267.95,Rest,3017.46,661.3,Very high,554.91,-377.04,-81.01,-35.88,-23.68,-1797.52,-20.19,1770.35,1.94,-7475.7,-56.68,2522.45,2830.74,4.74,-7.14,-3728.04,-1.2,46.86,184.26,20431,274.77,5,-279.84,17.11,-1525.6,4,203.83,
-208.29,1996.29,8.06,-20.54,8611.68,UK,3986.06,210.73,Medium,486.27,-325.26,-539.7,-27.16,-109.6,-2021.72,-47.98,6761.48,7.66,-5783.24,-88.1,2028.76,3616.18,1.65,-1.02,-3284.44,-8.76,51.9,196.14,28363.1,168,6,-331.74,20.44,-1402.4,4,220.05,
-296.64,984.18,1.72,-20.26,5459.31,UK,2967.08,-328.23,High,328.32,-245.49,-880.49,-37.74,-129.6,260.64,-48.98,-837.77,3.26,1730.82,-182.48,2297.4,2828.36,2.54,-7.17,-15767.57,-4.38,11.13,343.56,13681.28,233.07,2,-289.02,24.33,-873.32,3,165.7,
-246.21,988.89,13.2,-20.12,-3703.77,USA,3302.94,832.07,High,569.79,-82.41,-699.35,-33.18,-143.48,-1890.9,-45.82,2014.69,3.92,-3044.22,39.98,2354.57,2174,1.96,-13.98,-8927.78,-16,46.53,189.27,9976.8,451.08,2,-362.37,23.19,-2290.82,2,225.1,
-368.97,2835.27,64.58,-17.6,3572.61,UK,3498.36,101.37,Very high,467.88,-161.22,-538.34,-39.22,-92.92,-1667.86,-2.97,3279.87,6.4,-8401.66,-120.14,2357.97,2388.3,3.06,-18.39,-11653.21,7.48,49.5,483.54,21754.14,224.88,7,-329.73,24.47,-736.88,5,144.94,
-182.64,1839.63,207.18,-15.52,15062.94,Europe,-264.4,119.55,High,512.49,-283.62,-165.72,-32.9,-0.48,-1598.4,-24.83,6092.14,6.65,-12984.04,-190.86,2442.53,2867.34,1.89,-29.82,-8500.56,-1.24,37.56,126.72,16287.88,286.77,3,-275.49,24.52,-965.06,2,141.31,
-202.53,2073.99,3.68,-14.7,8750.49,USA,3964.3,-56.32,Very low,427.56,-427.65,-642.74,-33.16,6.16,-1839.98,-1.11,-1379.54,2.2,-9751.94,-124.72,3693.05,1722.96,4.27,-6.54,-3849.95,-18.9,72.24,454.53,29604.84,113.16,6,-387.12,19.24,-1947.42,5,171.08,
-193.38,1832.22,0,-20.86,-534.63,USA,3590.46,-89.95,Low,508.23,-223.56,-1088.99,-32.9,-138.36,-1703.68,-3.13,-425.01,8.12,-10778,-84.4,1237.6,2395.52,2.95,-13.11,-12476.46,18.02,49.5,271.92,28127.66,175.74,3,-351,28.27,-1847.1,3,166.57,
-212.73,2196.75,15.02,-15.02,577.02,Europe,1001.74,45.55,Very high,507,-269.61,-1103.5,-57,-12.74,-1864.84,-62.96,-4450.87,4.58,-3118.02,-6.5,2442.29,3356.2,1.46,-8.88,-8959.77,-9.68,56.55,330.3,26655.58,156.45,5,-220.8,12.69,-1620.36,4,143.08,
-283.47,1013.07,0.02,-19.42,7781.4,UK,1734.06,-170.25,Medium,407.22,-182.79,-715.47,-34.62,-10.4,-1513.48,-7.62,3023.34,8.41,-6194.1,-54.76,2203.72,2904.22,2.85,-11.64,-10884.01,-1.72,53.88,297.81,15470.26,308.58,3,-363.42,18.18,-972.6,5,173.91,
-263.37,1680.42,0.16,-24.84,6520.29,Europe,3236.52,69.93,Medium,573.81,-475.23,-1055.86,-37.06,-154.38,-3106.72,-7.34,5172.58,4.3,-6291.84,-77.64,2455.22,1287.16,2.06,4.53,-13681.46,0.06,19.74,320.88,16781.58,265.86,6,-334.62,20.54,-1102.44,3,184.78,
-351.12,1920.84,4.28,-16.6,-4793.34,Rest,4004.88,126.76,Very high,694.95,-196.47,3.02,-24.68,-99.22,-2260.64,-38.31,1827.08,7.77,-9704.56,-62.54,2839.72,2193.84,1.89,17.91,-14245.73,-8.2,46.89,230.7,27900.56,272.1,4,-235.92,29.34,-1219.36,2,273.99,
-246.3,919.68,0.7,-16.7,6652.77,Rest,4833.84,-97.1,Very low,424.17,-344.16,-940.74,-35.96,-65.3,-1890.92,-77.93,637.37,3.8,-9100.7,18.22,3101.54,2044.5,1.12,-23.94,-6026.26,-13.24,42.42,485.97,17077.48,422.13,4,-295.98,13.31,-980.56,6,194.69,
-227.28,2592.18,522.58,-25.52,11367.78,Rest,4151.3,232.31,Very low,617.76,-456.39,-225.54,-32.88,-51.26,-1494.9,-24.95,2308.03,2.84,-6508.32,-159.38,2142.7,2214.74,0.51,-12.24,-8844.65,-9.68,40.53,230.82,25609.88,336.9,3,-174.78,21.2,-972.6,5,156.25,
-270.69,1027.32,3.26,-16.72,7194.18,USA,7024.6,85.22,Very low,414.18,-259.86,-234.65,-46.18,-31.28,-2474.76,7.8,-2390.06,-0.39,-11071.36,-29.36,4975.07,1966.16,1.37,17.88,-5584.73,-8.88,47.7,152.4,22215.48,366.33,2,-478.59,21.54,-1972.4,5,186.65,
-643.86,1524.81,1.96,-31.76,5604.81,Europe,3287.14,408.8,Very low,448.17,-265.26,-331.34,-36.72,11.84,-1858.74,-38.65,-1247.18,2.43,-9890.24,13.92,2288.63,3290.38,9.13,3.6,-9850.64,-10.76,35.7,310.41,24451.06,245.61,4,-360.75,19.72,-2115.24,6,181.4,
-234.6,271.56,4.1,-20.52,6593.19,UK,3148.08,63.29,Very low,553.47,-226.02,-156.33,-44.34,-96.18,-834.84,-63.76,5176.8,6.56,-13136.58,-179.24,2119.06,2563.26,0.92,24.57,-7114.3,-6.32,54.66,339.09,25565.92,417.36,6,-407.4,20.24,-2184.1,3,183.85,
-279.6,1397.13,0.02,-17.34,724.77,Rest,3891.82,-84.72,High,555.81,-56.55,-893.57,-38.62,-12.34,-1667.86,-66.72,3434.57,8.26,-10369.6,-93.76,3008.2,2434.32,0.7,-21.66,-11872.68,-3.96,22.74,315.66,13085.12,193.05,2,-293.13,19.17,-1201.16,3,140.66,
-181.53,1241.76,3.62,-26.28,7436.4,Rest,3548.04,-27.64,Very low,761.49,-198.03,-308.13,-45.76,-17.98,-867.42,-35.31,3592.79,4.73,-15551.84,-96.62,2199.46,3213.52,4.6,-7.02,-14081.43,-8.52,43.74,292.14,29103.78,591.42,3,-332.88,23.74,-1554.28,6,171.03,
-116.91,2917.05,9.64,-24.88,2111.88,USA,4788.82,-32.09,High,438.21,-278.13,-356.89,-55.7,-82.8,-1824.56,-82.4,5557.88,4.44,-1075.12,-131.52,2639.95,2013.58,1.51,-11.28,-10839.29,3.74,44.16,404.25,18774.58,154.98,4,-389.67,10.41,-1732.8,3,203.01,
-156.48,2777.46,0.32,-12.74,-2361,Europe,4469.7,229.12,Very high,428.04,-321.99,-861.8,-34.64,-38.3,-2077.72,19.05,1233.59,-0.52,-15918.86,-114.38,2265.66,1607.26,2.7,7.92,-11677.15,-29.78,65.13,495.21,22661.12,245.43,7,-74.16,18.6,-2254.44,2,173.05,
-256.95,3136.41,0,-15.54,14806.44,UK,2589.8,247.48,Low,424.83,-343.11,-533.21,-58.08,25.98,-590.42,-62.99,3446.98,2.41,-14009.52,-147.58,2388.31,3184.22,3.06,-7.29,-11451.68,-7.52,60.96,333.39,30843.62,264.15,6,-381.78,20.21,-1881.98,3,213.05,
-398.97,887.7,0.24,-20.02,21368.1,UK,3952.28,-393.99,Very high,465.72,-358.68,-716.71,-44.68,-60.6,-1313.78,-7.37,13113.83,2.4,-15884.24,-105.32,2027.07,2563.3,2.53,-7.11,-9086.71,-3,28.68,479.1,21304.1,340.26,7,-356.1,19.26,-1268.94,5,174.66,
-296.28,1715.73,0.3,-12.12,5756.13,Rest,3975.96,-32.44,Medium,506.01,-246.42,-642.49,-35.2,-47.48,-2221.54,-4.08,705.49,5.51,-9357.76,35.7,2546.37,3141.12,1.23,-14.34,-9046.58,-7.52,48.06,165.06,19151.96,414.39,2,-171.39,20.58,-1793.44,4,151.34,
-195.69,85.41,1.22,-19.22,20249.49,UK,3892.48,-76.59,High,442.68,-392.91,-717.35,-32.16,-12.28,-2297.32,-39.12,2453.65,1.4,-1569.66,-182.48,2030.63,2658.1,6.36,7.26,-6025.25,7.06,40.86,382.56,17083.86,327.87,4,-272.43,22.19,-1798.24,5,184.56,
-287.97,2559.87,0.02,-30.14,1190.67,USA,2779.52,206.76,Very low,565.53,-213.57,-844.35,-39.82,-47.76,-2257.6,-4.97,3325.18,1.27,2100.84,-127.02,2226.7,2367.86,3.61,-10.14,-8297.03,-13.74,35.94,181.83,32576.78,425.88,3,-271.02,20.23,-1016.52,5,261.4,
-78.24,1704.06,0.58,-23.96,21128.52,Europe,3093.3,-17.03,Very low,536.4,-124.71,-779.56,-30.52,-25.68,-618.24,-98.3,4720.1,5,-3587.56,-12.52,2141.69,3206.2,9.51,-5.67,-8473.85,-14.88,48.69,105.69,23738.4,335.31,1,-155.34,29.74,-2230.6,7,196.23,
-104.49,2480.52,6.34,-14.52,2263.65,Europe,4645.26,-78.51,Very high,936.15,-219.15,-398.86,-33.92,-133.86,-1516.76,-6.09,189.52,2.03,-13829.36,-52.34,2434.69,2800.2,2.7,-22.59,-9684.22,-17.16,52.47,349.32,31758.76,243.33,1,-318.21,19.61,-1421.22,5,185.71,
-171.96,1577.7,5.32,-17.06,7944.48,USA,4598.82,-44.45,Very low,460.71,-267.69,-747.08,-38.1,-11.68,-743.64,1.15,1209.97,2.29,-21053.02,-54.92,2520.3,2079.52,9.34,20.22,-7512.45,-13.42,58.05,85.26,31833.94,359.49,3,-333.78,20.51,-2018.54,9,256.81,
-334.95,1337.28,10.06,-17.42,1831.26,USA,3822.56,252.63,Medium,787.11,-218.22,-914.74,-43.3,25.16,-1562.38,-15.91,3881.11,6.81,-21090.32,-31.84,3248.61,1462.34,1.68,7.41,-1792.19,-0.26,40.89,153.84,27211.82,265.08,3,-315.6,2.91,-3295.16,5,205.59,
-186.45,1028.01,0.02,-16.74,-961.62,USA,3293.54,275.79,Low,92.79,-215.34,-945.79,-28.82,-79.78,-1702.74,-7.86,9438.71,1.95,1676.06,-26.48,2270.32,2654.46,4.99,-2.31,-11009.37,-9.04,51.12,263.67,22924.92,255.39,6,-279.72,27.25,-560.16,3,225.48,
-93.42,1465.53,0.12,-22.6,13008.24,Europe,5420.78,362.56,High,573.33,-195.39,-346.73,-34.36,-83.16,-2239.9,-68.72,118.83,-0.45,-11958.06,-170.22,2299.25,3296.66,4.92,-1.41,-12248.32,-7.08,51.69,274.62,17589.72,386.73,8,-239.76,19.87,-1473.86,4,192.77,
-238.11,616.62,1.54,-24.12,7374.21,UK,4339.2,603.76,Medium,265.74,-135.99,-180.85,-35.1,-212.42,-2412.62,-4.62,6085.33,-0.13,7648.7,-63.44,2020.04,2014.56,15.5,-10.44,-5404.5,-24.12,50.49,173.91,19353.04,195.84,10,-323.19,20.09,-1564.22,0,148.6,
-306.93,1729.17,0.2,-15.92,-1189.92,Europe,3783.84,405.85,Medium,381.27,-287.37,-551.95,-44.96,-78.38,-1307.6,49.16,-3700.84,4.64,-2111.22,-24.42,2284.74,2651.32,6.64,-2.19,-12429.71,-3.38,56.46,308.4,25558.84,347.55,4,-409.5,17.22,-321.44,3,185.63,
-427.53,1437.27,19.5,-23,13651.2,UK,3702.16,405.96,Medium,390.21,-270.39,-511.26,-33.86,-18.62,-1291.6,-47.85,2506.74,-1.68,-869,-64.4,2091.36,3867.16,2.37,-32.34,-12903.33,-9.22,48.24,493.47,21742.92,196.62,4,-290.55,23.25,-1707.94,3,175.71,
-239.58,1090.86,0.08,-13.36,2105.22,UK,3937.68,512.99,Very high,454.47,-241.17,-1367.11,-37.3,-79.38,-1055.82,6.3,684.9,1.77,-5259.84,-103.8,1072.22,3063.24,2.35,11.4,-11108.74,-1.88,50.67,283.95,28118.36,317.28,3,-198.87,12.36,-923.36,5,194.31,
-235.44,2526.84,2.58,-23.46,-15830.16,Europe,4330.78,20.09,Medium,480.6,-208.65,-466.32,-41.34,-44.56,-1685.16,-85.75,-1043.66,0.43,-14789.16,-24.3,2335.76,3107.96,1.13,0.99,-11741.87,-10.6,28.74,378.12,24577.4,304.05,2,-421.59,12.98,-605.6,2,127.06,
-232.68,1251.54,190,-18.4,1896.09,Europe,4528.34,72.99,Low,530.34,-251.01,-671.2,-31.34,-36.24,-945.08,-47.16,3759.08,8.22,-5624.04,-69.08,2151.22,4331.92,6.09,-23.85,-11472.48,-5.62,40.5,284.22,14401.22,325.35,3,-375.63,15.97,-1979.86,1,213.71,
-174.12,1227.57,0.08,-14.92,11059.59,USA,3711.3,-55.69,Medium,712.8,-237.33,-140.83,-36.24,-93.64,-2149.68,-36.1,1663.33,3.99,-4709.02,-60.24,2165.37,2431.42,10.14,-17.01,-9174.41,-13.94,53.55,216.27,23040.88,512.73,7,-261.54,14.67,-1285.6,3,196.33,
-298.86,327.6,0.44,-19.66,5502.27,UK,4612.4,274.49,Very high,450.06,-529.89,-560.16,-38.2,-135.02,-1078.92,-12.7,2117.34,1.35,-6886.94,-35.02,2329.45,3883.5,1.88,-2.64,-10054.61,-8.58,58.83,298.47,14606.1,-331.86,4,-368.55,20.71,-2021.34,3,157.96,
-435.24,1815.15,64.5,-21.3,-1476.21,UK,3808.44,341.82,Low,425.1,-282.84,-301.81,-35.44,4.12,-1196.38,25.3,-426.88,3.99,-1343.54,-20.36,2055.03,1891.62,3.13,-12.84,-5622.99,-2.7,49.95,246.66,23420.8,258.03,1,-229.41,22.25,-1538.14,2,85.01,
-263.79,1774.86,21.98,-18.68,11099.37,Rest,3391.56,187.95,High,627.42,-244.02,-179.34,-33.4,-75.32,-2302.94,-37.94,3254.6,4.51,-5929.24,-97.3,2588.2,3219.32,3.46,-5.31,-11339.27,-0.94,25.92,239.1,11993.06,476.91,0,-371.73,13.75,-1967.32,7,168.77,
-261.03,1450.8,1882.7,-20.66,7773,USA,4024.1,-51.43,Medium,643.2,-212.64,-414.79,-40.42,-91.68,-39.5,-18.43,894.58,8.39,-13277.72,-185.32,2314.49,3303.94,10.58,6.27,-10700.47,-0.1,42.39,321.06,29930.98,248.19,5,-249.93,19.84,-745.02,5,200.99,
-328.32,1472.67,0,-22.38,9788.34,USA,2684.66,907.17,Low,450.93,-212.31,-520.33,-32.02,-84.96,-1761.34,-21.68,2431.49,-0.23,-2577.36,-95.8,2473.03,2100.18,3.92,-4.29,-9383.77,-5.5,62.28,393.78,18835.46,340.14,3,-221.25,20.62,-1950.58,1,173.09,
-233.94,525.33,4.14,-16.1,-11496,UK,4723.32,2.25,High,435.27,-230.28,-666,-39.16,-59.86,-1098.06,-26.22,-1245.86,9.03,-21238.6,-132.58,2283.47,2561.58,1.62,-7.89,-9672.73,-11.64,56.07,267.51,20127.86,165.63,1,-223.26,21.33,-1261.16,3,175.63,
-134.28,56.64,4.58,-12.62,21809.04,UK,5794.22,73.08,Low,265.5,-268.89,-101.89,-21.06,-95.88,-1315.3,-31.09,3108.64,-1.43,-6273.18,7.18,2067.15,2237.16,1.51,-15.06,-9170.27,-6.78,47.88,194.49,15891.48,115.47,3,-255.54,16.82,-1018.94,5,120.99,
-279.81,303.45,0,-16.6,9718.83,Europe,3796.6,654.42,Low,422.46,-106.23,-43.75,-32.28,-105.68,-1867.7,-24.12,3373.84,2.11,-11124.86,-21.3,2104.52,2738.14,1.62,-8.13,-12528.18,-7.42,38.52,276.3,27936.66,302.04,4,-377.4,17.76,-1892.4,3,220.05,
-184.17,676.86,0.12,-18.24,4234.47,Europe,3861.48,46.05,High,574.29,-297.39,-858.48,-34.44,-77.72,-1760.4,-33.02,3004.92,1.69,-8035.64,-193.1,2208.78,2267.08,5.23,-19.17,-8718.37,-13.04,62.34,300.75,20023.68,158.79,4,-105.66,19.73,-2608.62,7,153.03,
-172.23,934.08,0.22,-21.34,-1716.75,USA,2078.46,168.04,Very high,527.07,-252.12,-473.06,-38.2,-48.02,-1181.06,-23.79,4994.39,0.96,-3019.88,-85.76,2341.33,3080.38,0.44,-14.76,-4374.83,2.04,36.87,286.77,17174.96,191.16,5,-458.16,29.6,-2222.02,2,260.18,
48.24,2098.53,5.18,-25.54,-6449.55,USA,3655.2,143.43,Low,500.79,-241.44,-638.5,-32.14,-20.5,-602.38,-60.42,4134.22,2.6,-6793.96,-140.1,2899.21,1916.64,3.27,-15.18,-9676.37,-5.86,51.15,330.45,19525.5,115.11,3,-387.18,23.63,-1999.46,5,133.57,
-297.9,1494.78,0.62,-22.7,5889.78,Rest,3900.44,585.52,Very high,339.3,-184.02,10.99,-35.56,-66.96,-1939.72,-41.79,7371.23,4.95,-10838.4,-106.68,2176.7,2368.72,6.63,-11.1,-11796.54,-12.54,38.67,582.06,18038.96,484.56,2,-311.37,22.82,-923.24,5,130,
-215.46,2616.33,13.78,-13.56,19188.12,UK,3624.64,438.45,Medium,218.73,-506.34,-237.74,-32.42,-79.64,-2062.82,-43.57,3089.84,2.86,-4266.06,-13.22,1541.48,1623.74,3.21,3.87,-8835.31,-7.9,50.46,305.37,23783.14,197.94,3,-309.54,19.35,-165.92,3,141.27,
97.02,49.98,1.08,-19.66,27332.7,Europe,3229.62,-360.08,Very high,495.54,-577.8,-390.25,-39.44,4.56,-1619.84,-60.36,93.79,0.8,-13416.26,13.44,2463.61,3344.56,4.79,-7.23,-8444.82,-5.02,53.82,251.49,23459.28,479.58,5,-370.35,27.86,-1167.54,4,153.29,
-166.77,-577.5,90.06,-21.64,2821.62,Europe,4942.92,156.02,Low,427.8,-257.61,-685.15,-47.26,-93.04,-2095.84,-18.02,5590.83,4.73,-1180.86,-67.42,2711.76,2390.54,4.61,-7.23,-8862.63,-11.68,48.03,264.63,26894.92,251.49,8,-149.37,22.63,-578.66,2,122.78,
-266.52,1992.69,0.04,-16.34,2046.9,Rest,3812.28,404.33,Very low,399.42,-382.62,-1167.53,-35.1,-25,-2311.02,-11.34,6608.24,7.71,2462.32,-24.34,2166.36,2353.74,2.3,-23.85,-5345.87,-8,56.37,455.1,20593.26,253.56,10,-259.35,21.1,-2086.2,3,137.65,
-230.13,446.4,13.64,-16.24,9818.19,Rest,2906.78,741.23,Very high,466.02,-354.15,-250.06,-45.9,-71.26,-1505.68,-41.83,-2603.94,3.21,3206.4,-21.94,2097.56,3031.14,5.25,-13.17,-7565.06,1.2,46.83,278.01,27505.44,191.91,2,-285.48,20.52,-1798.96,2,199.04,
-472.17,1613.13,0.06,-28.9,2778.24,Rest,4545.98,218.45,Medium,622.5,-316.41,-929.94,-39.76,-87.12,-1876.38,6.41,2167.29,2.79,-9173.76,-119.92,2855.22,2151.06,3.04,-17.64,-7752.05,-4.5,50.34,573.27,26739.08,249.24,1,-222.48,17.35,-818.54,5,340.74,
-226.23,3357.66,10.52,-19.64,18966.42,Europe,3852.28,217.01,Very low,401.91,-324.18,-347.02,-42.1,-91.3,-1360.24,-17.28,4926.53,3.83,-9878.12,-164.96,3545.33,1742.56,1.53,12.24,-8704.13,-13.64,5.31,150.99,16760.42,274.95,7,-171.78,20.89,-654.86,2,223.01,
-237.03,2560.8,3.62,-26.7,13597.92,UK,4392.12,691.28,Low,481.41,-274.26,-390.77,-42.68,-69.78,-1791.46,-18.97,-261.38,-0.24,-4906.7,-26.4,2179.12,2148.42,7.7,-24.84,-5956.85,-9.5,55.53,313.89,27541.9,238.86,4,-236.07,18.14,-1372.82,4,179.97,
-268.11,116.85,35.12,-12.8,6008.16,Europe,3604.14,578.58,Medium,390.51,-230.04,-984.18,-39.22,-128.64,-1501.5,15.1,-268.25,4.5,-11085.64,4.12,2538.71,2655.66,0.3,8.1,-10562.17,-8.18,63.27,431.37,9840.84,155.34,3,-402.21,14.48,-1908.62,1,105.45,
-139.71,1872.69,0,-15.42,22530.45,UK,3262.12,-34.63,High,381.87,-254.43,-680.19,-36.5,-207.94,-2166.42,-40.05,3655.44,7.92,-5389.96,61.66,1461.88,1205.96,4.03,-6.78,-8689.34,7.42,48.75,301.8,15488.02,366.66,8,-310.65,17.44,-2236.4,4,144.49,
6.66,2777.61,0.06,-13.14,9094.95,Europe,4082.68,-602.45,Very high,529.92,-369.69,-709.38,-46.86,-67.16,-1459,-34.46,-38.13,1.5,-9951.96,-13.62,1964,3025.58,0.83,6.06,-9453.64,-8.86,46.65,247.5,16732.16,247.68,3,-171.42,19.72,-975.38,7,151.94,
-215.34,1365.72,0.12,-20.58,4140.6,Rest,3755.58,400.84,Medium,358.98,-176.67,-772.77,-38.74,-8.68,-1025.96,-34.22,4441.33,0.22,-10853.28,-86,2093.48,3528.78,4.13,26.19,-8156.42,-0.76,56.43,295.38,19739.04,348.45,5,-302.37,14.33,-1451.74,4,168.81,
-217.08,2875.32,0.32,-16.98,13253.37,Europe,4217.82,-140.5,Very low,313.35,-89.19,-1218.72,-32.92,-126.74,-869.42,12.45,820.61,0.37,-16742.68,-74.9,2298.39,2212.76,0.46,-9.57,-2438.95,-5.94,47.1,383.55,23880.56,239.01,2,-435.69,18.44,-1561.1,5,167.31,
-206.37,643.08,91.36,-16.74,22428.33,USA,3849.98,219.33,High,419.7,-148.77,-558.66,-42.48,-21.48,-1263.38,-54.35,714.42,6.6,5356.86,-40.34,2292.43,2451.24,1.38,-18.18,-8134.06,-3.58,34.86,321.09,26775.48,232.53,5,-285.45,22.42,-2936.6,0,237.77,
-298.62,782.82,0.04,-25.68,14850.87,UK,3895.94,-204.69,Low,565.17,-246.69,-254.91,-36.68,-67.48,-1706.74,-88.37,-1530.46,6.24,-10340.56,-47.06,2111.19,3067.6,7.91,-10.95,-10062.26,-3.22,51.12,70.29,21883.18,231.93,5,-153.39,20.11,-1532.66,4,167.57,
-283.11,464.01,37.8,-16.86,-925.59,Rest,3427.72,-540.38,Very high,506.85,-105.21,-809.19,-43.32,-151.84,-1765,-41.35,1108.65,4.32,-10555.08,-128.44,2766.18,2021.84,2.14,-6,-8247.84,-8.1,38.46,215.91,17202.44,209.58,5,-262.05,23.28,-1540.38,4,231.76,
-143.61,2019.12,60.6,-18.94,10895.1,UK,3533.7,262.47,Medium,424.29,-594.45,-782.41,-47.46,-114.84,-2320.56,-10.97,4248.28,3.07,-18928.7,-102.58,2595.74,2193.36,2.02,-40.5,-7641.13,-8.56,32.25,309.36,16776.42,306.84,5,-353.46,18.6,-1571.02,3,210.36,
-282.21,3445.14,22.06,-16.98,26943.03,UK,2722,76.28,Low,655.5,-188.55,-63.01,-40.2,-119.62,-2383.26,-29.39,6521.6,3.84,-4898.64,-91.52,2432.61,2290.86,0.38,-0.45,-9284.6,-5,53.79,303.78,17468.44,205.95,4,-241.11,22.17,-226.74,2,132.84,
-347.49,1515.21,0.54,-16.52,20866.08,Europe,3880.48,-181.04,Low,488.58,-356.46,175.78,-48.62,-54.74,-2492.4,17.54,5307.37,3.18,-3452.46,-98.84,2152.22,2421.78,0.89,-1.26,-9970.38,-7.52,48.54,293.61,25283.3,171.21,4,-460.83,18.53,-1183.22,2,166.96,
-277.98,2073.27,11.76,-26.96,3330.69,USA,1833.76,162.18,Medium,344.22,-265.92,-213.66,-35.56,-102.8,-2404.36,-43.59,-887.21,8.4,-9847.16,-118.74,2382.53,2429.02,4.97,-5.94,-10399.87,-3.28,63,348.69,23072.16,351.75,7,-295.32,19.78,-811.08,2,109.38,
-443.88,1890.09,0.04,-23.92,15961.08,USA,3654.34,-270.46,Very high,468.3,-241.35,-828.88,-34.7,111.18,-1092.28,-12,4535.14,6.4,-9782.46,-72.18,2950.13,1878.18,1.67,-9.54,-5256.2,-14.34,44.52,301.47,16005.14,308.94,6,-450.6,19.2,-1755.22,1,170.42,
-260.52,-1410.6,53.14,-19.46,-99.81,USA,4046.94,80.8,High,304.59,-222.06,-1309.28,-29.26,-111.62,-1483.86,20.15,-4950.98,6.53,-14445.2,-157.32,1954.54,2412.28,4.55,-5.76,-12366.39,-10.58,48.75,394.5,18592.66,236.7,7,-427.17,18.55,-1536.06,2,106.73,
-333.66,3092.31,8.04,-22.64,5127.69,USA,3827.66,8.52,High,425.73,-173.28,-259.59,-37.24,-83.5,-1139.02,-10.32,1977.1,5.93,-11270.04,39.7,2345.26,3004.7,0.57,-14.01,-11203.03,15.32,47.1,237.75,27408.22,189.12,2,-389.04,16.77,-1578.8,2,168.1,
-299.7,1662.51,0.66,-13.7,3359.01,Rest,3733.9,295.37,Medium,561.54,-192.15,-401.32,-37.08,-50.92,-2615.7,22.04,1909.17,4.39,680.84,62.52,2813.48,2321.62,0.61,-14.67,-2479.5,-1.96,66.72,301.47,24965.54,118.32,6,-245.07,18.91,-2228.48,3,180.16,
-188.07,772.68,1.04,-22.24,93.96,Europe,3273.16,145.16,Very high,736.53,-272.22,-730.73,-47.02,-137.46,-3732.8,8.31,207.49,2.33,-11200.1,-104.98,2579.26,2823.36,0.29,-8.01,-7782.75,-10.84,53.28,317.1,20689.68,286.89,1,-271.95,18.43,-1468.36,3,172.6,
-234.27,1092.42,4.8,-17.34,5326.2,UK,3281.7,172.05,Very low,496.77,-271.77,-1079.58,-34.58,-118.04,-908.18,-55.55,8604.22,-1.66,-4543.3,-108.78,2648.3,2963,2.16,-11.82,-7516.46,-10.3,39.3,382.92,31933.32,31.8,5,-353.79,24.97,-816.32,4,289.71,
-104.76,2527.98,1.34,-19.16,-24689.4,Europe,3930.56,-403.41,High,474.12,-236.64,-547.1,-36.96,-141.36,-1758.5,-21.77,83.68,-1.24,-4918.18,-39.6,2083.7,2169.68,2.92,-18.81,-15215.74,-13.96,39.24,299.07,19388.04,143.55,5,-301.65,26.12,-1190.74,4,198.94,
-325.35,1415.22,227.92,-22.3,4808.31,Europe,3391.16,-74.55,Very high,138.63,-489.54,-593.35,-35.22,-130.08,-1753.5,21.12,6395.45,9.49,-18899.26,-236.22,1857.57,2941.52,4.23,-20.88,-12548.51,-5.88,46.77,324.6,24333.82,210.21,5,-279.69,9.07,-1558.74,3,157.43,
-87.72,512.16,0,-20.78,16962.45,Europe,3958.2,173.15,Very high,561.18,-314.22,-792.43,-33.42,-52.74,-2120.86,-21.91,-29.87,9.86,-1752.92,-43.7,2929.75,2874.46,2.19,10.2,-10737.94,-10.14,43.23,379.17,18380.52,206.07,4,-240.18,15.59,-1301.76,3,190.88,
-417.81,3140.37,0.82,-22.6,8726.7,Europe,2893.4,277.24,High,467.46,-231.84,-288.38,-34.98,-83.62,-1900.78,-15.13,11.64,4.67,-23726.92,0.78,2515.25,2342.64,2.25,-10.5,-9943.05,-20.2,44.58,363.3,19915.3,262.44,2,-265.89,24.96,-490,4,106.03,
-214.5,1616.94,0.36,-18.8,10276.17,Rest,3323.86,378.47,Medium,737.13,-311.16,-303.23,-30.76,-115.66,-1841.08,-0.5,-2611.38,5.58,1250.5,-7.2,1775.95,3210.94,0.34,-6.33,-11586.06,-8.64,55.14,323.31,13297.32,187.29,7,-226.98,17.7,-233.28,4,179.66,
-177.48,3007.68,0.54,-29.72,8240.97,Rest,4203.06,2.38,Very high,463.02,-360.81,-407.13,-44.6,-114.08,-1291.44,-29.59,4207.11,5.95,-8718.04,-135.6,2574,1530.84,12.76,6.36,-11734.62,-21.44,48.54,436.83,18384.24,199.29,3,-305.7,22.05,-521.06,9,126.43,
-363.54,1410.18,1.3,-28.54,12894.24,UK,3800,255.64,Very low,458.91,-339.93,-1074.09,-37.3,-127.06,-507.12,-46.12,721.18,1.5,-13734.74,-115.48,2199.3,2618.5,1.14,-29.64,-11857.81,-18.82,70.17,103.26,27114.2,207.93,8,-377.37,21.18,-1756.52,4,171.7,
-336.6,2223.18,0.62,-18.04,7607.43,Rest,3056.54,254.46,High,569.01,-233.31,-1063.79,-47.48,2.12,-1181.76,-27.39,1189.45,3.96,-19909.86,-112.74,1893.76,2826.34,0.75,15.24,-10777.52,5.92,69.75,596.55,24983.28,290.61,3,-333.45,24.52,-2414.22,2,171.46,
213.54,810.33,0.04,-21.08,3764.97,Rest,2827.96,-277.66,Very high,382.65,-319.2,-714.7,-37.72,-209.76,-1419.24,-73.28,7973.22,5.55,-4465.42,-118.74,2320.18,2330.72,3.93,-3.3,-15466.55,-2.26,50.34,430.62,23880.22,211.56,3,-353.16,19.96,-320.42,3,212.55,
-420.99,2316.6,0.04,-16.7,-10653.03,USA,3652.64,690.2,Very low,523.68,205.44,-370.31,-42.88,-38.16,-965.96,-56.66,3846.08,0.65,-11552.76,-30.1,2980.15,2793.34,0.52,-2.19,-10018.03,-15.96,43.41,228.42,20304.8,239.13,2,-223.38,19.12,-642.48,8,219.01,
-272.34,2383.17,3.2,-17.74,12930.72,Rest,4287.14,210.35,Medium,478.14,-305.94,-41.06,-8.08,-23.62,-1862.96,-59.34,-295.13,1.57,-20878.42,-35.42,2287.99,2104.72,0.86,-11.22,-2904.02,2.34,40.38,179.73,10412.54,214.92,1,-369.45,14.26,-1374.36,4,153.54,
-216.09,3256.44,0.68,-15.46,18014.07,Rest,3082.12,38.96,High,276.45,-366.87,-523.41,-48.98,-77.94,-1256.48,-20.86,4994.47,1.19,-18857.04,-30.68,2264.08,2132.2,4.7,-6.99,-8439.76,-10.5,51.78,305.52,22118.58,55.53,5,-165.45,17.54,-2333.6,6,127.87,
-184.71,3668.58,0.34,-14.48,7756.71,Rest,4195.08,362.85,Very low,681.45,-275.76,-777.76,-39.6,-101.18,-1896.38,-32.17,-743.09,3.94,-4085.34,-91.6,2703.86,3152.2,12.94,-20.55,-15085.93,-3.26,55.32,345.57,15067.92,240.84,3,-340.86,17.49,-1516.66,3,166.09,
-200.55,3188.07,1.24,-17.16,8583.42,UK,4368.46,-91.26,Low,561.72,-345.3,-702.02,-31.5,-28.3,-571.98,9.61,5088.42,-4.35,-5988.26,-53.72,1823.17,2562.4,5.45,-8.73,-8785.45,-3.1,48.03,236.94,25904.48,350.97,3,-253.23,18.97,-923.24,2,177.81,
-413.73,2551.29,11.92,-32.22,5475.69,Europe,3577.52,-268.05,Medium,502.65,-755.55,-346.58,-27.58,-71.24,-1610.62,-44.29,1891.61,1.99,-11915.94,-62.22,2446.15,1565.54,3,0.12,-7860.99,-6.94,58.77,591.87,14429.7,327.27,4,-385.47,24.78,-747.9,2,144.25,
-189.54,2845.23,4.12,-25.32,7708.41,USA,3157.86,-103.23,Low,541.92,-217.32,-463.62,-60.34,-94.36,-2687.2,-97.71,1299.58,2.8,519.36,-56.2,2381.09,2462.68,3.78,1.95,-10923.6,6.62,59.31,345.24,7114.32,206.34,3,-330.3,23.38,-909.46,4,198.04,
-237.42,1878.57,0.44,-18.62,195.9,USA,5023.54,472.78,High,536.28,-285.69,-872.14,-41.16,-127.08,-1712.18,-32.73,5189.03,3.96,-1145.76,-171.04,2450.96,2508.08,1.49,6.87,-9723.27,-6.78,48.36,213.12,15595.94,248.91,3,-244.32,20.52,-1814.48,6,168.03,
-214.74,851.82,3.32,-26.26,1808.31,Rest,3963.12,58.53,Medium,808.29,-196.35,-523.98,-30.88,-183.38,-1500.04,-4.84,-2366.23,5.51,-5550.32,-96.48,1855.29,2419.3,5.22,-2.22,-11633.17,-12.84,46.92,807.12,7755.48,250.17,6,-343.47,17.23,-1269.72,1,184.22,
-398.22,2.67,0,-17.02,-2634.87,UK,4194.64,507.13,Very high,586.05,-21.06,-224.03,-41.14,-95.1,-2141.36,39.31,4185,0.61,-9244.36,-46.52,2272.38,2760.1,3.23,-7.29,-10591.61,-17.44,61.14,377.7,18205.54,196.08,6,-415.38,12.91,-924.76,8,213.44,
-272.91,1004.61,0.02,-17.82,-3672.93,UK,3282.12,-202.7,Very high,529.56,-325.53,-283.07,-27.72,-35.64,-631.02,-13.38,3786.86,2.1,-18267.54,-81.76,2079.02,1049.96,9.62,-5.91,-11212.72,-8.62,49.47,213.51,10610.16,229.86,8,-355.68,21.05,-1970,5,185.14,
-130.11,3043.56,0.9,-17.48,9221.79,UK,2670.1,137.63,High,519.51,-212.82,-594.56,-39.64,-131.7,-2561.86,35.24,3048.72,2,-12842.02,-108.02,2890.86,1641.34,0.32,-10.17,-12432.62,1.84,34.26,312.45,15638.94,145.32,3,-267.78,14.78,-1318.04,4,185.5,
-113.85,1394.34,0.86,-18.74,11336.16,UK,3719.68,281.21,Medium,432.81,-121.14,-343.17,-36.04,-131.48,-2352.6,-11.13,6200.23,2.9,-5013.06,-132.8,2236.55,3048.8,3.54,-3.54,-12540.47,-0.76,36.66,268.11,14329.52,-50.43,2,-356.73,19.86,-1456.94,4,139.44,
-309.03,1118.07,6.36,-23.22,5657.85,Rest,4539.98,404.61,Low,398.88,-299.28,-799.85,-38.3,-35.42,-2309.66,-41.8,-808.14,2.46,-2116.82,-101.18,2410.13,1082.54,10.37,-13.92,-8985.62,-7.46,47.55,235.05,30239.28,90.54,1,-179.1,22.34,-1400.26,4,167.57,
-455.94,75.99,0,-21.34,-9306.81,UK,2702.58,-30.87,High,457.86,-349.59,-612.7,-35.5,-99.42,-1108.48,12.67,-1777.18,-0.49,-15428.66,-88.98,2451.15,1091.36,6.46,-18.9,-7142.72,-2.4,46.74,112.41,31625.26,111.18,3,-253.86,25.8,-2257.6,2,176.7,
-122.64,1285.05,0.2,-16.96,-6619.11,USA,3541.98,20.65,High,400.89,-208.86,-960.99,-37.44,-159.06,-343.7,-7.72,-1294.07,4.9,-7338.18,-108.84,2694.6,3130.8,2.04,-6.96,-12134.22,-2.16,47.46,425.7,27905.3,273.72,6,-362.28,11.16,-1112.94,6,187.93,
-181.47,1539.6,9.68,-18.62,16755.6,UK,2929.92,153.91,Very high,804.21,-231.09,-748.25,-42.34,-229.1,-317,-55.93,4070.44,2.37,3017.56,-76.62,2164.23,2810.48,8.4,-23.22,-12094.7,0.8,35.88,144.72,13167.32,270.99,3,-340.86,26.72,-718.22,5,207.75,
-335.61,2202.42,3.82,-16.58,-4668.06,Europe,3787,-340.31,Very high,570.51,-334.74,-883.96,-29.38,1.74,-998.4,9.33,3931.62,3.72,-9689.2,-94.78,1482.7,3420.34,3.74,0.36,-10581.21,-8.78,70.68,95.22,26806.76,214.53,3,-422.82,19.33,-2480.7,5,176.95,
-483.87,1862.46,896.02,-13.18,4443,UK,4201.86,356.3,High,388.65,-142.23,-227.8,-39.44,27.88,-1623.2,-63.89,-2068.43,3.41,-1681.42,-151.24,2332.06,2380.4,1.14,-8.22,-10968.83,-0.78,46.35,295.8,13072.56,202.83,4,-152.79,16.49,-971.68,2,181.26,
-235.08,2198.31,0.84,-33.14,14149.89,Rest,4550,685.19,Low,646.56,-316.32,-748.66,-34.16,-99.58,-2408.44,-39.69,-2174.99,3.73,1055.94,-93.78,2360.32,2545.58,8.52,14.4,-11064.69,-7.7,53.4,142.89,18135,230.94,0,-266.94,15.12,-1914.08,5,235.62,
28.74,1327.95,2.38,-15.54,-153.45,UK,4223.36,-146.52,Medium,253.8,-20.31,85.24,-31.02,-117.24,-881.7,-1.35,2465.17,10.09,-4898.02,-147.9,2298.49,2624.18,2.55,-16.62,-13232.73,-5.92,49.89,255.96,19534.22,237.87,5,-340.74,20.17,-1287.02,4,150.95,
-243.9,1561.29,26.5,-19.36,12756,Europe,4103.32,136.19,Very high,222.75,-194.4,-1124.81,-23.48,1.96,-2651.52,-6.05,-3731.26,4.95,-5567.12,-158.62,2263.48,2171.62,4.75,-15.33,-8472.76,-3.26,60.3,76.95,15076.38,111.78,2,-284.46,15.37,-2693.4,5,186.03,
-253.56,1742.67,2.08,-21.16,14541.51,UK,2451.92,247.24,High,492.99,-306.72,-466.32,-28.66,-39.26,-1378.98,-53.29,4753.91,9.11,-5175.68,-68.86,2429.68,2759.68,3.92,5.4,-13132.19,-19.08,42.63,310.53,24659.06,287.1,3,-320.28,14.37,-1905.16,6,167.54,
-262.5,3048.99,0.76,-16.98,-335.49,USA,3580.42,735.36,Very high,445.53,-150.57,-682.76,-33.96,-22.28,-1001.74,-47.95,4490.17,-3.64,-2145.2,-85.5,1620.34,3465.36,2.52,-13.29,-12015.85,-4.68,45.96,238.5,21157.36,429.12,3,-236.22,14.79,-1303,2,102.26,
-392.43,473.07,1.52,-26.7,10734.72,Europe,3124.84,4.75,Medium,477.93,-265.65,-1321.24,-35.24,-108.04,-1821.2,-48.2,1563.41,4.58,-10917.06,-38.14,3036.37,2394,4.7,-0.72,-11559.76,-8.1,43.11,260.67,17454.5,223.59,2,-272.73,18.77,-650,5,173.32,
-217.38,2395.23,0.24,-14.98,5207.85,UK,4705.66,58.43,Low,551.88,-231.12,-574.97,-26.88,-66.82,-1309.08,11.41,5127.06,7.02,-14658.36,-10.68,2311.31,3171.22,0.07,4.38,-4606.65,4.64,35.88,504.18,25654.18,-11.61,1,-277.68,17.83,-1642.86,2,183.83,
-211.23,3364.62,0.46,-16.6,7952.07,UK,4272.66,-33.84,Very high,563.4,-297.12,-703.91,-45.14,-87.54,-1530.26,2,3513.05,1.63,1113.22,-48.84,2658.9,3326.24,0.31,28.71,-9098.66,-16.84,54.51,130.47,18661.84,219.12,4,-365.82,10.72,-942.84,2,175.73,
-139.74,3771.81,56.18,-16.14,8544.3,Rest,3434.92,54.48,High,312.84,-460.77,-482.31,-44.72,-37.4,-1167.46,36.18,6701.29,3,-15979.54,-220.32,2448.77,2767.16,2.63,-12.96,-13214.18,1.34,51.36,347.07,30967.2,363.69,2,-348.42,26.96,-1979.62,2,170.66,
-279.54,1543.74,78.04,-15.68,-15179.55,Europe,2931.96,-204.18,Very low,494.37,-81.84,-1027.81,-20.88,-120.94,-1690.58,-52.24,8529.07,7.37,-3590.46,-29.78,2031.44,2166.3,2.75,-21.09,-7873.6,-8.86,55.41,493.83,16520.74,138.66,2,-333,21.14,-1146.9,2,195.93,
-425.13,1837.38,550.34,-15.66,12053.19,Europe,2088.9,389.82,High,491.28,-72.81,-806.51,-43.66,-45.8,-1653.22,-18.75,3585.63,7.94,-6911.14,-8.8,2239.54,2913.46,3.06,-5.49,-13064.82,6.96,49.35,118.59,17012.14,63.78,3,-278.28,22.2,-843.82,6,176.32,
-83.58,1730.4,14.9,-32.1,19204.05,Rest,4549.6,399.55,High,531.21,-206.91,-654.42,-46.82,-90.6,-1845.88,-10.43,875.16,2.38,-7446.5,-22.24,2164.73,2009.26,5.41,-10.8,-11509,-7.62,41.49,147.27,17486.88,528.96,9,-323.16,23.23,-2424.24,1,199.3,
-450.9,3167.43,2047.92,-19.3,-4699.44,USA,4310.48,496.41,High,517.71,-232.83,-642.13,-36.72,-37.34,-2795.36,-52.35,4413.09,10.41,-4900.62,-187.48,3646.05,2557.68,12.23,-5.76,-7446.94,-18.76,20.79,200.64,16882.14,463.83,4,-35.43,22.43,-1694.8,6,200.65,
-227.79,1135.65,0.34,-24.12,807.33,USA,4487.7,162.34,Very low,483.24,-325.8,-842.45,-38.48,-48.06,-1554.06,-52.15,2666.94,5.81,-6277.28,-160.12,2110.12,2115.22,3.19,0.81,-11251.16,5.12,48.06,31.2,9816.58,252.75,4,-453.66,27.2,-1433.38,2,277.44,
-242.22,1020.87,0.12,-22.38,1247.01,Europe,2562.94,199.75,Very high,455.49,-497.76,-473.12,-39.16,-82.5,-2623.82,-24.37,6218.29,1.94,1961.32,-132,2338.25,1571.62,1.42,-9.57,-8162.87,-13.3,45.69,316.02,22839.92,444.09,3,-306.42,12.67,-1289.2,3,229.62,
-450.63,2744.1,0.08,-18.36,7637.43,UK,3769.64,118.62,Medium,439.89,-172.08,-86.89,-27.52,-39.8,-1566.52,-52.55,3036.45,-0.78,-16458.84,-80.96,2577.03,1819.78,3.71,-9.45,-9259.82,1.18,48.18,51.6,16107.64,192.63,2,-198.6,23.83,-2138.32,2,174.54,
-560.22,2437.59,14.96,-13.38,9076.65,Europe,3777.52,-10.05,Very low,609.06,74.97,-710.34,-41.7,-4.62,-818.1,-0.51,3187.32,8.89,-7504.08,-103.78,2396.31,2076.14,7.16,-38.34,-7572.09,-14.7,50.04,271.2,12868.08,237.36,4,-381.72,24.76,-1870.86,2,129.47,
-401.97,2226.72,18.38,-16.86,13018.89,USA,2304.34,-459.18,Medium,452.64,-337.35,-71.44,-43.4,-82.92,-1355.42,-33.52,1248.65,-1.72,-468.02,-29.42,2687.14,2971.28,4.29,-32.67,-10367.94,-10.2,49.62,152.82,17183.44,245.43,5,-204.84,36.39,-990.3,5,169.33,
-315.42,3140.73,36.54,-19.14,10348.98,Europe,4171.92,33.14,Low,606.15,4.65,-273.24,-42.76,-82.9,-1458.4,-59.29,2194.1,-0.42,-12382.2,-114.2,2769.97,2627.1,2.26,14.73,-5530.37,-15.74,46.59,534.69,22531.58,330.9,4,-291.48,22.78,-1718.44,3,177.02,
-348.75,920.82,0.14,-32.86,11645.34,USA,4117.28,-111.69,Very high,267.75,-267.06,-711.05,-25.92,59.34,-1373.78,-79.75,-2396.95,11.15,-6937.06,-63.72,2233.98,2226.42,2.71,-14.52,-12605.96,-16.94,63.15,304.2,16344.88,208.05,4,-207.84,16.85,-1559.82,4,225.55,
-274.92,2272.44,0.68,-16.7,11225.73,Rest,4038.76,249.51,Medium,416.22,-197.19,-768,-37.54,-99.94,-961.34,16.75,2304.79,4.36,-11414.72,-26.42,1662.1,2933.28,1.9,-10.89,-4753.09,-4.62,20.46,267.42,30158.9,211.32,3,-201.48,20,-645.12,3,117.45,
-203.94,793.47,10.22,-18.52,-2162.07,Rest,5104.56,-370.05,Very high,348.06,-454.62,-435.56,-42.58,-88.34,-1292.62,14.96,4212.27,6.5,655.3,-119.38,2192.96,2727.04,6.7,-2.46,-8916.3,-5.26,42.03,298.11,25712.18,313.08,4,-281.7,20.75,-887.1,2,202.74,
-350.73,14.7,0.54,-29.52,13019.64,Europe,3811.08,40.61,Medium,558.51,-277.17,-855.76,-38.4,-16.9,-1123.24,-19.51,1411.2,-0.73,-5250.64,-95.6,2587.96,2996.66,3.37,-0.15,-5345.64,-8.92,53.79,290.04,19398.52,164.85,4,-281.49,33.54,-1586.22,1,-0.66,
-214.23,-803.04,26.94,-15,11471.88,Europe,4469.78,382.39,Medium,501.84,-211.77,-577.81,-27.02,-40.52,-1513.06,-5.24,2049.62,1.63,-5892.68,-100.16,2521.54,1472.16,1.86,-17.19,-8422.99,-2.54,44.79,301.35,22708.14,250.68,3,-362.55,23.08,-1443.16,6,173.23,
-217.11,387.15,10.48,-18.2,6000.87,Europe,4248.44,594.97,Very high,460.86,-116.25,-1117.18,-20.88,-7.36,-1563.98,-63.51,4835.95,4.59,-3378.34,-191.66,2436.48,1586.34,3.82,-9.81,-8790.43,-20.16,48.66,115.68,18994.48,306.87,3,-205.17,20.41,-2238.9,5,138.55,
-232.53,1282.8,57.12,-15.72,2281.05,Europe,2995.84,311.16,Very high,367.89,-515.64,-930.63,-32.72,17.42,-1164.68,6.27,1175.17,3.53,-11806.32,-10.4,2424.59,3153.14,1.67,-14.16,-12894.6,-9.54,36.15,555.87,20159.72,-196.41,3,-439.08,27.21,-1824.46,8,203.32,
-240.69,2805.36,0.04,-20.62,-1129.17,USA,3460.76,145.42,Very high,309.87,-226.92,-733.52,-44.2,-155.54,-3263.22,-27.94,1176.57,-0.1,-3383.34,-40.78,2208.15,2392.88,2.22,-9,-12066.83,-8.82,56.67,358.47,21691.84,116.1,3,-340.8,17,-1234.86,4,84.73,
-161.46,1983.12,0.44,-20.34,-4609.5,Rest,4751.68,-17.19,Low,358.32,-282.15,-577.73,-31.86,-71.26,-1945.36,-24.95,2006.82,0.1,-4994.78,-73.28,2350.58,2312.26,6.53,-6.12,-12976.73,-9.5,78,181.38,7654.16,134.64,5,-284.22,19.49,-2495.3,5,94.09,
-95.34,627.3,125.88,-14.48,-10460.22,USA,4044.5,15.04,Medium,467.97,-428.58,-157.52,-12.12,-64.18,-1428.98,-86.34,6316.28,1.08,-11466.36,-55.38,2251.16,1697.5,3.21,4.38,-4121.04,-16.44,52.2,377.7,19728.54,206.13,2,-142.8,26.72,-1739.26,3,196.44,
-204.69,1485.99,1.12,-24.08,4304.01,Europe,3514.46,374.86,Low,440.13,-319.47,-338.91,-45.9,11.08,-208.16,44.5,-1251.4,0.59,-13083.26,-143.76,2496.6,3629.84,1.26,-31.92,-3030.03,-6.2,32.1,723.27,20350.16,156.63,4,-156.09,21.37,-1834.56,5,187.82,
-252.99,2875.02,18.1,-25.38,-3683.46,USA,4377.28,539.67,Very low,525.75,-158.34,-470.82,-43.1,-109.98,-1708.44,1.49,2335.54,6.05,-13171.24,-105.14,2569.17,2750.3,0.24,-20.19,-14797.79,-5.6,60.39,281.16,19011.58,262.29,2,-518.19,21.62,-1428.46,4,167.67,
-105.45,1738.23,1.5,-19.84,-6399.78,Europe,3220.8,-125.48,Low,438.06,-87,-213.13,-32.36,-54.86,-2025.38,-14.39,1598.36,5.53,1662.62,-5.98,1445.23,2432.14,3.94,-30.6,-2653.49,-17.1,37.92,306.24,27013.68,220.44,3,-292.95,18.7,-953.68,3,175.45,
-205.8,3269.25,4.6,-20.54,9915.66,Rest,2763.28,-186.05,High,432.6,-93.96,-629.65,-45.28,-96.14,-684.94,-27.41,877.85,3.32,2217.54,-106.84,3286,2798.1,5.82,5.46,-7100.37,-13.84,6.12,72.36,25939.82,111.66,3,-469.92,22.44,-1174.8,6,99.56,
14.07,300.69,0.08,-15.56,1626.66,UK,4111.04,138.22,High,480.78,-253.23,-585.57,-35.62,-85.18,-1637.22,-54.45,-3777.68,5.88,-17081.64,-233.52,1325.11,3485.94,2.85,5.01,-8039.3,-5.8,41.37,340.56,10605.78,-43.41,4,-394.32,32.28,-1753.06,2,140.11,
-417.54,3261.99,14.88,-19.1,3860.1,Rest,4466.38,-103.32,Medium,844.77,-186.18,-326.43,-33.42,-107.1,-992.78,-20.8,5071.25,2.43,-10855.92,-61.74,2283.22,2948.46,10.77,-3.9,-10630.16,-23.64,40.44,850.05,23475.12,214.86,6,-481.95,25.45,-1374.78,3,176.58,
-173.43,709.08,0.46,-24.58,1273.17,USA,3691.28,476.99,High,447.15,-439.11,-612.88,-40.46,-90.54,-1153.24,-46.47,7744.63,3.4,-5704.22,-105.98,2494.79,2613.4,3.21,4.53,-10725.33,-8.24,56.49,341.4,9429.44,381.18,4,-200.1,22.12,-1638.52,3,166.36,
-229.14,1990.23,4.74,-17.16,11703.06,USA,4211.2,-91.22,Very high,432.66,125.91,-457.92,-37.52,24.1,-735.58,-14.4,-975.46,5.66,-3652.9,-12.42,2270.93,2607.3,2.83,-11.97,-10015.25,-8.7,56.07,176.79,18432.38,316.68,5,-253.62,18.58,-1367.2,3,87.18,
-55.2,3525.6,0.44,-16.86,3159.87,Rest,4273.08,170.7,Medium,481.08,-312.3,-480.54,-42.28,35.62,-2783.48,-20.3,-38.06,5.03,-5590.08,-101.22,2233.65,2473.02,1.6,3.12,-9546.28,-8.06,42.54,350.85,19913.34,577.53,3,-230.43,19.97,-1817.98,6,141.39,
-226.17,779.79,0.08,-18.5,21040.2,UK,4258.44,254.14,Medium,514.56,89.22,-316.61,-79.96,-131.92,-1636.76,-51.9,5113.2,-0.19,-5497,-121.64,2068.13,2576.54,3.74,-7.98,-10517.75,15.48,48.69,283.11,13994.48,444.33,3,-470.34,14.79,-1232.56,6,153.09,
-260.73,1206.09,1.22,-18.96,17387.46,USA,3337.64,1161.61,Medium,406.5,-187.74,-740.02,-49.12,11.96,-809.92,-16.95,-3273.65,1.3,-10691.92,-57.7,2201.2,1687.26,11.06,2.85,-16300.71,-8.22,56.49,321.39,20103.84,384.9,6,-202.83,15,-1806.88,4,183.64,
-160.77,988.8,37.84,-25.44,-104.19,USA,3821.62,452.87,Medium,478.29,-235.95,-611.79,-30.16,-33.06,-1145.7,-5.81,2596.3,3.87,-2603.02,-82.3,1377.6,2549.92,1.42,-8.58,-10758.94,-7.76,56.4,312.99,35030.88,398.1,5,-218.85,12.01,-2459.86,5,136.53,
-253.98,1008,25.74,-15.72,3228.03,UK,3688.82,40.08,Low,232.11,-42.09,-446.73,-35.84,-60.02,-1116.34,10.89,3768.71,1.37,5116.72,-147.82,1112.04,3012.92,5.4,-2.58,-13220.66,-17.26,39.54,96.39,34534.24,-113.67,2,-339.96,18.15,-1292.24,3,235.39,
-167.01,2002.92,1.04,-21.32,-7776.69,Rest,5926.58,-235.29,Medium,538.86,-312.21,-233.27,-47.7,-0.74,-1089,-57.49,998.02,3.86,-6610.42,-11.18,2299.97,2696.9,4.9,-11.34,-15590.71,1.54,32.46,264.96,30139.7,218.76,5,-353.79,22.12,-292.98,6,343.05,
-282.75,907.65,7.08,-17.34,14435.52,UK,3426.12,-64.59,Very low,689.01,-314.52,-461.53,-44.38,-118.9,-1721.84,-29.74,5314.45,0.55,-3714.72,-5.54,2118.5,3101.72,3.03,-11.58,-3709.09,-21.74,52.35,342,18648.2,14.34,2,-423.06,21.64,-1292.98,2,162.7,
-363.63,1098.33,5.84,-21.04,4647.15,Rest,3604.96,331.89,Low,456.69,-116.07,-463.82,-31.18,-168.36,-1259.9,-16.25,-3719.31,3.28,-7087.14,12.96,1903.96,1681.6,2.39,-4.68,-5058.99,0.1,47.49,393.12,16946.62,321.03,5,-240.12,25.23,-1816.66,5,149.81,
-24.72,882.36,0.06,-14.62,10768.68,Europe,4555,-39.31,Low,485.85,-212.13,-549.33,-36.4,-216.3,-2214.04,13.01,204.64,-0.08,5751.4,-0.24,2420.07,3520.16,6.66,-7.59,-5426.78,-10.02,65.46,117.42,26649.2,192.09,4,-251.91,21.7,-1858.1,4,90.17,
-180.48,1651.11,13.7,-19.06,12930.15,UK,2733.32,-2.56,Low,512.55,-448.5,-800.31,-41.86,41.98,-1472.58,-70.54,-328.28,2.67,-11644.9,-30.98,2907.25,3494.72,3.77,-8.31,-9282.26,-5.82,54.48,441.72,20923.18,295.32,4,-327.63,20.63,-1785.76,4,162.17,
-336.63,1691.52,9.86,-19.64,-6334.26,USA,5980.54,-50.2,Low,527.94,-304.74,-578.23,-25.48,-4.32,-2009.82,-28.71,5061.54,3.06,-18788.82,6.04,2024.05,3415.08,4.07,-17.19,-3116.24,-9.28,45.3,289.17,18339.26,195.48,3,-358.14,19.11,-664.76,2,152.22,
-24.15,37.92,0.02,-27.78,-8867.73,UK,3380.42,213.13,Low,496.26,-363.66,-664.78,-31.3,-111.34,-2937.54,-14.74,72,1.22,-16066.66,-52.2,3045.73,1133.98,3.82,-2.13,-10731.14,-9.84,45.12,274.68,11387.46,143.34,3,-350.58,10.84,-1381.62,3,182.9,
174.84,759.75,15.14,-20.8,5195.52,USA,3649.04,-235.94,Very high,389.79,-312.54,-477.59,-51.34,57.2,-1756.66,-10.86,969.26,3.98,-9506.54,-180.74,2416.38,2299.72,4.56,-10.92,-13932.95,-3.96,30.99,410.28,12203.28,313.14,1,-465.03,18.1,-2359.1,4,292.16,
-140.91,1720.02,0.72,-25.4,17992.59,USA,4069.68,28.09,Very high,556.08,-280.26,-259.24,-35.62,-50.24,-1263.62,-66.3,3743.61,4.6,-10401.22,-99.04,1909.48,2606.48,1.66,-2.22,-12580.87,19.02,36.6,371.97,22124,303.66,5,-332.04,21.18,-1292.46,4,179.31,
-155.01,2031.15,1.88,-18.42,12315.66,UK,2798.2,624.45,Very high,334.98,-271.98,-105.41,-28.76,-127.74,-1242.46,-16.86,2239.1,7.67,-16878.26,-108.94,2025.61,2667.52,8.17,-28.26,-10558.93,-5.62,26.31,250.65,25363.5,231.75,2,-426.84,25.19,-461.4,4,152.15,
-230.04,1299.6,1.6,-30.5,16349.94,USA,3524.2,-328.33,High,614.49,-339.45,-394.39,-39.1,-5.34,-1422.04,-17.04,198.13,0.47,-8584.88,-132.46,2687.89,2159.14,3.44,-5.13,-12872.4,-33.6,64.02,234.39,21663.46,251.49,6,-371.61,15.28,-1739.28,3,183.4,
-20.79,2170.89,6.26,-24.48,10798.32,Europe,4256.68,114.87,Medium,357.69,-171.06,-790.02,-37.9,-77.72,-2076.88,-9.21,-2388.27,2.57,-10279.12,-166.84,1494.68,2942.86,7.46,5.4,-2912.58,-13.56,46.29,396.57,17804.42,407.73,5,-195.21,24.9,-649.08,5,171.74,
-65.16,2354.88,48.54,-13.04,4167.6,Rest,4919.72,277.77,High,364.35,-285.63,-1068.85,-35.36,35.22,-640.48,-21.17,1950.86,-2.39,-8444.7,34.44,2410.65,2922.6,12.8,-6.48,-10873.4,-3.82,47.49,171.72,20858.06,163.62,4,-246.36,12.43,-2690.3,6,230.02,
-258.6,136.2,0.12,-13.62,7648.44,Rest,3855.06,340.87,Medium,310.98,-266.31,-319.7,-27.22,-112.48,-2512.1,-39.81,-259.72,3.57,-3937.8,-171.82,2565.12,2501.22,1.67,-18.45,-9473.68,5.58,45.18,289.47,18762.22,315.78,8,-191.82,18.95,-1145.94,5,175.49,
-101.82,1225.8,0.36,-19.68,4603.95,Rest,3958.3,151.09,Medium,368.49,-293.22,20.1,-38.94,-13.9,-1710.56,-98.45,3693.46,4.1,-12210.52,-106.6,1643.71,2381.12,2.62,-3.93,-6510.77,-10.78,44.55,198.42,24048.66,314.13,3,-313.59,20.41,-1821.86,5,151.85,
-313.86,2183.85,37.32,-17.94,15857.43,Europe,5000.2,26.76,Medium,429.69,-239.67,-866.5,-17.82,-28.14,-947.32,-15.29,2534.6,5.68,-8618.14,-60.82,2416.53,2015.06,2.09,-7.11,-10163.04,-14.16,33.99,465.18,29809.06,362.46,7,-220.02,20.31,-1010.64,7,196.02,
-180.66,2400.69,0.2,-14.5,4769.91,Europe,4421.86,288.28,Very high,490.53,-103.95,-169.52,-36.48,13.86,-777.66,-39.27,2846.16,4.16,-1276.78,-67.18,2607.16,2660.9,1.27,7.08,-8958.51,-16.04,43.8,461.43,32617.56,113.88,3,-374.97,16.33,-1600.3,3,93.66,
-347.64,1547.94,0.18,-22.1,-4282.29,Europe,3029.56,243.12,Very high,510.57,-258.06,-868.43,-43.58,-29.2,-1683.4,-1.35,-1115.47,4.45,-13277.46,-158.14,1067.25,2998.94,3.99,-2.7,-12782.04,-0.42,59.85,372.57,14202.28,326.43,4,-161.61,22.29,-1925.9,4,132.1,
-272.16,1663.5,473.06,-24.06,17018.49,UK,5018.62,261.33,Low,637.89,-143.13,-406.86,-43.84,-45.06,-1303.86,-29.4,3839.63,0.31,-10883.1,-134,2284.3,1866.78,1.89,-8.61,-12800.53,-21.46,47.43,426.54,23370.58,123.69,6,-426.18,23.47,-1013.32,7,216.22,
-84.15,4799.79,0.34,-15.92,11166.54,UK,3026.12,538.51,Low,362.49,36.57,-196.07,-27.42,-49.02,-780.5,23.45,3590.53,3.15,-12990.42,-100.4,2563.29,2470.42,4.71,-20.82,-9370.56,-10.72,51.51,302.64,28209.16,154.74,4,-480.33,17.97,-1715.52,3,218.51,
-144.39,1624.98,0.02,-26.14,5241.09,USA,3763.66,441.96,Medium,491.07,-522.15,-657.01,-48.52,-95,-1154.02,-2.39,4107.69,2.52,-5424.14,63.28,2084.39,2786.92,4.99,-7.65,-9810.2,-8.34,63.24,397.41,19947.26,206.43,7,-289.26,26.63,-1396.06,2,200.38,
-179.25,1929.39,31.5,-22.14,10045.5,USA,3602.44,-30.36,Very low,623.61,-410.4,-223.9,-30.3,-41.36,-937.62,-25.55,3717.51,0.86,-19159.58,-62.62,2541.91,2790.76,5.65,-0.96,-6201.32,6.78,31.14,227.04,30176.3,299.07,4,-386.73,20.45,-1720,2,180.96,
-141.09,1977.72,5.2,-17.72,-3009.99,Europe,3801.42,-99.38,High,438.12,36.45,-725.06,-33.16,-155.5,-1351.78,-24.29,3635.24,3.13,-8852.12,-73.9,1640.84,3521.84,7.92,-8.76,-9942.3,-4.1,56.49,98.16,17084.56,217.8,5,-242.28,16.28,-519,4,170.68,
-440.28,198.78,152.48,-15.32,-5753.67,USA,3852.06,204.81,Low,290.97,-202.65,-816.59,-37.44,-137.8,-778.94,-29.91,-20.68,-2.37,-10072.6,-91.62,2240.56,2263.48,2.37,10.26,-9953.82,4.84,43.98,275.13,16101.5,159.27,4,-277.92,35.79,-1604.08,4,179.75,
-221.25,3726.9,0.2,-12.7,3814.56,Europe,3913.4,-21.66,Medium,472.89,-266.64,-901.26,-46.7,35.24,-1569.06,-40.33,5498.5,7.88,-16504.58,-73.82,2974.2,2258.46,8.42,-13.35,-14927.87,1.82,34.8,122.94,20704.84,327.12,1,-237.72,25.42,-695.32,4,189.59,
-87.42,2257.2,3.26,-13.66,4912.14,UK,3616.36,232.06,Low,679.38,216.66,-549.04,-47,7.2,-2700.36,-67.31,5490.02,3.35,-6326.88,-77.7,2356.97,2747.44,1.3,0.06,-8306.12,-7.46,36.21,301.08,17731.04,296.82,4,-203.82,18.21,-1472.16,4,145.15,
-233.1,637.77,65.12,-13.18,-575.19,UK,3816.76,-164.78,High,417.63,-359.37,-356,2.46,-79.7,-1490.5,-17.19,1181.4,5.3,-13293.32,-164.88,2848.38,2506.12,3.18,-9.36,-3003.53,-3.98,41.34,307.05,22648.26,294.81,6,-342.39,20.27,-1669.66,2,169.68,
-111.6,1365.66,3.56,-19.1,1190.79,Rest,3553.6,56.01,Very low,560.22,-322.53,-274.01,-36.16,-143.74,-681.66,1.96,2589.21,-0.44,-2386.84,-138.42,2242.9,2100.72,1.27,-10.14,-8380.01,-7.88,39.18,347.88,14555.54,292.74,3,-392.58,16.06,-1602.1,2,180.17,
-288.33,4207.83,0.72,-18.74,-2417.07,USA,4061.04,-118.3,High,311.88,-168.48,-731.02,-37.54,-73.68,-1104.88,-9.36,8582.32,7.98,4711.44,-103.46,2242.85,2968.36,6.5,-12.48,-4376.12,-8.28,37.11,215.46,21710.08,197.13,6,-237.42,32.79,-1454.42,3,173.04,
-431.91,-38.97,227.28,-16.88,612.87,Rest,4579.38,341.56,Low,461.1,-286.02,-501.14,-35.88,-43.6,-1919.56,-38.76,484.63,2.48,-13147.64,-140.56,2254.11,3525.86,4.21,-6.15,-11425.59,-3.48,33.03,388.59,26919.12,443.31,5,-352.08,20.14,-1884.44,3,135.82,
-255.84,2575.74,79.7,-15.76,15878.16,Europe,3749.94,-213.65,High,435.87,-172.08,-174.15,-35.18,-53.62,-1302.72,-49.51,5673.53,3.5,-12837.3,-13.34,2509.46,3151.98,5.02,8.16,-9773.02,-3.66,25.98,322.62,18142.24,143.97,2,-383.49,15.1,-2189.64,6,167.5,
-295.89,2272.05,14.7,-27.82,-1306.02,UK,4854.16,-393.51,Very low,472.62,-261.57,-761.1,-24.22,-42.6,-1740.38,-44.71,-1339.04,3.84,-16362.34,-28.26,3256.02,2045.08,2.2,7.65,-10251.14,-6.36,27.39,167.34,17124.98,200.55,2,-232.62,17.56,-3419.02,4,135.27,
-353.79,1006.2,0.28,-16.38,3130.86,Europe,2878.28,196.99,Low,459.51,-292.02,-817.26,-32.06,-69.52,-1801.1,-31.03,-676.62,4.03,-12644.48,-56.14,1241.69,2221.38,4.44,-20.58,-12834.9,2.04,51.18,445.5,36832.58,229.32,5,-295.8,15.13,-2193.58,4,160.82,
-212.94,1439.64,0.14,-18.78,15888.45,USA,3982.5,89.86,Very high,574.59,-19.56,-782.39,-38.5,-3.04,-1893.64,-30.97,2685.98,5.36,-7514.44,-65.72,2363.51,2628.92,1.23,-21.84,-8385.93,-1.46,38.13,167.07,30294.32,208.89,6,-369.15,24.76,-907.52,1,288.69,
-310.23,2039.88,0.04,-16.44,18962.88,Europe,3732.04,224.66,Medium,412.14,-300.84,-1460.3,-34.58,-136.74,-1489.52,-43.31,9344.41,1.62,-6593.06,-46.08,2181.7,3122.62,0.57,-2.73,-9179.97,-2.96,36.6,288.06,28454.9,303.03,1,-297.03,15.3,-711.72,2,229.08,
3.72,1760.97,8.34,-25.7,8055.57,Rest,4104.12,543.66,High,270.57,-491.85,-422.61,-40.12,-124.72,-1870.24,-17.44,4321.07,3.52,-9265.54,-200.42,2464.75,2748.16,0.82,10.05,-7989.79,-32.66,57.99,296.88,24420.58,46.95,2,-302.52,19.91,-1018.28,3,312.26,
-272.01,1751.7,14.78,-15.52,-8630.97,UK,3755.96,203.15,High,378.51,-220.47,-1002.95,-43.22,-46.72,-2230.4,-5.1,-2357.25,3.47,-660.3,-89.96,2432.14,1906.74,8.84,-7.98,-7300.28,-14.1,49.92,335.91,20860.74,237.72,3,-170.04,14.04,-2305.46,3,152.62,
-488.91,296.22,2.14,-21.16,6911.61,USA,1847.9,-157.43,Very low,664.8,-193.89,-366.98,-41.94,-81.74,-1010,-33.46,-2680.25,4.82,2924.36,-66.74,2664.17,2148.08,8.03,29.13,-8122.42,-4.62,70.5,323.58,16283.6,308.79,2,-276.06,27.58,-1056.4,3,214.75,
-202.29,2061.42,0,-18.9,15199.92,Europe,3614.66,32.03,Very high,338.37,-299.28,-495.64,-62.38,6.18,-2710.34,-22.21,2472.99,3.21,-8453,-42.16,2663.57,2610.22,4.37,-9.42,-14455.18,-5.24,48.81,336.66,25274.22,343.98,3,-308.43,17.86,-2107.38,1,161.41,
-304.08,2763.72,0.1,-18.6,2995.14,UK,4037.28,232.23,Very low,320.22,-563.13,-827.51,-45.28,-43.16,-2126.08,-8.2,2202.03,4.5,-5555.54,-112.2,2819.44,2704.28,0.25,-9.39,-12538.47,-11.54,43.23,283.26,22605.82,-4.53,3,-369.03,21.71,-504.12,5,235.59,
-243.93,2859.06,3.28,-25.92,13541.52,Europe,3796.08,293.78,Medium,524.07,-197.67,-750.26,-31.9,-121.24,-1537.9,-49.59,4556.95,3.41,-9317.74,-158.7,2273.98,2678.46,3.23,17.82,176.25,-6.52,75.6,475.89,27153.12,267.51,6,-354.3,20.45,-493.56,4,240.7,
-486.15,1381.65,22.46,-20.3,14253.72,USA,3598.78,-118.34,Low,634.14,-374.13,-654.34,-39.54,-95.76,-1893.24,-38.33,5000.83,1.93,-2433.98,-186.86,2281.21,1947.52,0.46,3.48,-8382.94,2.58,50.7,190.92,17779.94,75.06,6,-341.31,20.09,-1438.26,3,141.38,
-262.89,899.7,5.54,-16.78,5359.68,USA,2710.28,-345.41,Very low,608.37,-249.3,-835.59,-35.08,-143.76,-1270.28,5.34,62.27,5.84,-11022.88,-106.34,2795.42,3243.22,3.15,9.39,-4356.47,-16.12,40.47,349.38,19149.76,288.42,2,-303,19.11,-1167.12,0,136.83,
-161.37,156.63,2.32,-21.04,-6726.3,UK,4519.18,60.82,Very low,538.68,-301.26,-951.46,-34.96,53.22,-1602.1,-2.37,1158.98,4.42,-7334.66,8.96,1962.79,4108.66,1.27,-7.29,-7787.78,2.9,56.88,299.79,9426.78,132.54,6,-293.88,18.9,-552.06,6,32.06,
-231.12,-137.31,1.96,-19.68,16622.58,Rest,3320.46,12.49,Medium,489.93,-134.76,-746.93,-43.18,-122.58,-2456.74,-17.99,2620.03,8.28,-17018.02,-100.7,2478.68,1139.04,2.44,-37.68,-7588.52,-7.32,50.52,236.88,12336.74,172.5,3,-265.26,21.99,-1326.54,5,180.2,
-181.74,1768.23,1.6,-18.12,10795.59,Rest,3678.16,251.2,Medium,543.87,-246.63,-102.11,-36.22,51.68,-2569.94,-27.6,1314.27,1.95,-8647.7,-95.4,2206.42,1606.84,0.76,-38.85,-6736.41,-5,44.52,333.24,20076.52,233.79,4,-422.16,29.12,-1389.78,2,159.81,
-235.5,2766.75,0.54,-19.52,14587.98,Europe,2930.66,313.47,Very low,297.72,-347.49,-124.95,-41.12,-51.6,-2085.74,-25.21,5549.33,1.32,-9158.42,-127.82,2096.29,2677.84,0.47,-9.39,-6815.26,-5.8,46.68,180.18,11951.88,653.43,6,-412.32,22.79,-1370.02,3,156.56,
-314.85,2621.94,0.44,-25.68,-170.1,Europe,5020.02,-161.03,Low,464.1,-297.78,-859.38,-42.2,-29.64,-1422.02,-18.12,7529.4,6.01,-2263.66,14.16,3020.48,3030.54,6.6,1.5,-14053.02,-0.84,42.9,2.4,9799.58,-103.05,7,-351.09,25.62,-1721.92,5,177.71,
-315,3107.4,0.7,-27.32,12587.34,USA,4505.52,-484.06,High,405.15,-224.61,-813.32,-55.1,-93.52,-1880.02,8.29,3439.45,-3.65,-10879.46,-127.24,2275.31,2745.72,4.4,-5.52,-11287.85,-8.32,60.54,309.87,13241.14,334.26,3,-381.45,28.18,-1233.76,3,184.89,
-236.58,750.78,13.64,-21.26,12423.48,Europe,4428.62,565.51,Very high,331.74,-296.13,-801.85,-32.06,-107.86,-2119.62,-14.83,2505.8,6.64,-9530.46,-97.7,2490.65,3277.7,5.25,-13.86,-12252.04,-15.54,69.63,246.66,22853.48,274.8,5,-226.71,19.69,-2584.7,4,157.87,
-180.57,3285.81,54.46,-14.78,16096.08,UK,3905.62,440.93,High,563.79,-212.97,-225.99,-34.24,-136.9,-554.58,-44.26,228.58,10.72,-5816.96,-44.9,2644.46,1697.72,5.25,-16.38,-12081.86,-16.24,46.71,301.32,19177.88,457.32,7,-66.63,21.04,-956.78,6,229.64,
-499.8,1452.84,2.08,-24.28,1614.81,Rest,3464.98,-155.52,Medium,552.36,-163.95,-412.48,-37.66,-141.42,-2175.42,-9.52,3567.28,5.13,-8910.42,-108.26,2578.29,1941.22,1.66,-18.15,-10950.73,3.18,26.67,467.76,19393.16,205.02,4,-208.98,26.88,-1863.86,4,80.36,
-50.22,577.95,2.32,-20.54,11327.88,USA,3860.02,353.72,Low,659.37,-386.58,-118.61,-30.14,-45.42,-1543.7,-92.8,-904.51,-0.35,-5838.92,-87.54,2315.85,3441.48,0.4,12.84,-11287.79,-0.52,43.38,321.87,20820.06,130.83,3,-260.46,16.63,-718.22,5,145.86,
-192.15,1269.51,42.6,-20.48,12653.37,Rest,3496.86,503.69,Very high,497.91,-302.73,-840.1,-41.36,-55.56,-1377.12,-25.34,2924.8,1.2,-14355.86,-82.82,1823.91,2046.52,3.92,-7.38,-10723.14,-14,42.12,365.76,28043.96,369.15,7,-351,23.25,-816.44,1,139.42,
-221.04,325.14,25.66,-16.74,-2151.45,UK,2506.28,-268.37,Low,432.54,-193.35,-961.13,-35.72,11.4,-1318.06,-47.34,6086.37,5.44,-15490,-32.42,3068.97,2425.88,4.81,-5.85,-9608.06,-5.76,49.89,12.33,27531.24,274.11,6,-215.31,20.07,-1731,3,193.02,
-218.61,3195,0.06,-19.7,3387.45,USA,2939.8,5.8,Very low,346.02,-284.01,-166.22,-30.32,-93.26,-886.96,-32.67,-4564.99,5.13,-9352.26,-103.3,2141.39,2817.02,2.26,-1.8,-8716.48,-7.16,68.07,253.98,32632.08,342.27,3,-327.99,20.05,-2647.66,6,171.5,
-184.32,2782.23,0.16,-15.92,17463.51,USA,4015.3,89.73,Very high,408.96,-125.73,-80.64,-36.46,-68.62,-1068.84,-33.23,7037.44,4.87,-19898.9,-173.54,2149.89,2581.34,2.37,-0.66,-9604.41,-9.88,36.57,161.16,11482.84,41.43,4,-473.46,24.44,-1495.7,8,115.44,
-249.03,2758.32,11.9,-32.6,-6794.13,Europe,3631.04,404.69,High,436.8,-311.88,-440.01,-35.72,-129.26,-1351.22,-40.3,-2582.49,2.56,-2302.06,-58.62,2106.26,1840.2,2.56,-13.5,-5797.31,-7.26,66.54,334.29,19264.7,257.7,2,-324.12,25.93,-2572.76,2,84.52,
-311.19,2968.41,0.44,-28.04,4583.16,USA,4364.08,-360.38,Very low,494.46,-394.47,-732.56,-33.72,52,-492.82,-2.71,7397.82,4.18,-4355.74,-23.16,2411.72,3219.8,3.71,-9.45,-5884.54,0.4,14.1,327.63,13581.64,253.08,4,-352.8,18.47,-1408.38,3,146.85,
-260.85,830.34,0.08,-29.4,7665.87,USA,3544.24,164.4,Low,378.21,-248.94,-788.79,-36.5,-14.18,-1108.44,-22.23,8365.1,3.39,-6942.48,-168.08,2648.04,2168.96,1.82,-4.11,-5013.9,-11.58,45.15,306.57,22264.6,271.32,0,-335.76,20.18,-2242.76,3,172.27,
-208.2,1196.25,2.62,-14.42,16184.25,UK,4116.32,-255.49,High,522.33,-341.61,-547.05,-7.58,-51.1,-3093.06,-43.27,4938.91,-3.29,-4432.28,-71.68,2343.17,3194.88,2.99,-1.5,-8769,4.2,70.92,319.32,23783.24,255.15,4,-394.74,21.97,-1144.44,2,202.89,
-237.87,706.59,1.26,-18.18,5161.98,Rest,3250.3,-209.71,Very high,298.26,-341.58,-58.78,-59.22,-61.26,-1441.6,-60.65,4144.87,-2.33,-12217.38,-20.26,1868.46,2749.56,4.42,-6.66,-4894.83,-12.98,47.94,98.73,16866.48,155.85,1,-105.03,20.14,-1463.56,4,169.39,
-194.91,860.46,0.42,-27.76,-901.41,UK,3477.68,81.42,Very high,552.33,-256.62,-322.15,-27.9,-14.82,-1428.84,-34.75,6784.01,5.83,-8079.18,-127.9,2256.07,1628.58,1.07,-32.31,-10304.49,0.14,62.61,184.98,20412.96,209.1,4,-137.19,21.67,-122.84,3,182.38,
-90.54,-43.65,33.18,-24.52,19116.12,UK,3352.68,227.31,Very low,506.01,-245.88,-950.72,-25.32,-72.32,-826.18,-37.35,-1621.64,8.19,-294.88,-78.46,2319.87,3030.04,4.47,-26.16,-6766.98,-11.24,20.52,263.34,22692.76,233.07,3,-325.65,21.69,-1218.72,5,202.22,
-30.72,1181.76,1.56,-15.7,5204.58,Rest,3644.44,200.61,Medium,472.44,-224.13,-475.71,-32.26,-10.24,-2041.14,-55.17,2147.53,7.42,-18465.88,-148.92,2371.12,1309.12,1.36,13.68,-10590.87,-9.2,22.56,336.48,22853,258.15,4,-277.38,17.28,-306.44,3,155.59,
-263.16,1423.74,0.94,-25.08,5855.76,UK,3914.48,317.05,Very high,1089.78,-362.7,-320.86,-34.24,-89.72,-1336.94,-36.46,-561.17,2.69,-2315.2,-60.76,3450.27,1082.4,1.82,-18.27,-8817.09,-17.58,38.16,437.97,13762.3,280.98,1,-229.26,18.41,-2757.38,5,165.76,
172.17,1543.11,0.3,-15.98,3952.74,UK,2615.46,45.24,Very low,482.16,-195.27,-340.75,-39.86,-108.04,-1622.76,-46.34,4043.67,0.93,-9163.36,-75.54,2187.46,3086.34,3.14,-7.53,-4224.69,-7.52,28.98,278.22,28683.26,621.84,4,-309.21,16.15,-1758.14,5,212.15,
-293.73,1575.54,0.58,-19.78,-4437.87,Europe,4164.04,552.95,Very low,567.18,-375.54,-245.84,-36.32,-102.3,-570.86,-42.87,7047.1,6.44,-5336.16,-152.9,1797.49,2389.76,5.22,31.35,-8553.88,-8.08,48.63,559.23,15918.9,317.46,3,-358.77,21.5,-1283.14,3,242.98,
-253.35,1854.15,0.04,-29.12,8915.94,Europe,4143.28,-32.59,Very low,542.43,-63,-631.95,-20.82,-126.68,-1940.84,-37.79,2607.54,5.1,-9593.58,-19.78,2028.78,2012.72,6.6,-8.61,-9896.04,-2,48.6,267.51,26239.46,281.07,5,-217.17,19.98,-1088.28,7,260.81,
-224.34,629.19,3.16,-16.82,12416.7,Rest,3675.9,-112.29,High,461.85,-182.19,-528.55,-37.4,-140.74,-1170.44,-52.09,-894.1,-0.25,-4904.66,16.48,1998.09,2395.5,0.25,-9,-7856.4,-9.42,58.02,252.48,20375.52,361.74,5,-347.25,19.48,-336.74,4,184.43,
26.97,1386,2.54,-14.08,8109.75,USA,3070.36,-2.31,Very low,610.59,-222.39,-255.31,-35.74,39.88,-3197.6,-20.99,-1121.86,0.45,-5516.08,-73.72,2887.24,2220.74,3.78,-14.94,-15995.3,10.68,61.59,187.32,20588.56,240.42,4,-299.46,19.95,-1055,6,179.78,
-151.92,636.84,17.04,-12.94,21960,USA,278.48,-155.49,Very low,558.63,-255.81,-572.24,-25,-6.28,-1472.62,-12.05,3663.83,8.73,-7618.5,-191.14,3030.15,2401.94,9.94,-11.07,-9082.5,0.14,57.81,451.95,18923.5,257.46,3,-151.62,16.89,-2771.84,5,159.89,
5.1,1089.57,1.44,-24.84,6421.17,Europe,3583.82,-139.66,High,428.28,-320.7,-1325.68,-35.66,-111.4,-1501.76,35.97,3133.29,3.29,-263.74,-60,2624.87,2869.74,6.96,4.62,-10827.52,-9.32,46.47,290.4,25756.46,298.56,5,-310.35,20.38,-1061.68,5,153.1,
-181.83,3424.71,14986.06,-30.52,20798.04,Rest,1585.44,-266.51,Very low,511.32,-140.91,-74.16,-25.52,-54.22,-1264.76,-21.11,6701.18,4.65,-13361.26,-33.72,2838.04,1593.54,4.93,-9.39,-11182.8,-6.38,54.03,369.12,24273.26,312.39,2,-467.58,19.96,-809.64,4,133,
-263.82,801.39,1.62,-23.08,-1084.92,Europe,2907.74,471.17,Very high,304.77,-135.33,-257.53,-33.56,-59.84,-2733.02,-33,750.24,3.79,-13082.6,-69.44,2541.92,2259.86,4.45,-20.55,-7873.1,-16.92,40.68,543.39,27760.5,464.13,5,-291.99,24.29,-2566.22,3,149.54,
-305.19,2829.03,0.36,-15.02,4992.72,Rest,722.52,1083.51,Medium,388.08,-150.39,-705.51,-43.74,-126.88,-406.08,-28.54,5921.07,5.19,2351.82,-30.28,3140.14,2544.5,5.59,-6.66,-5956.52,-8.88,51.06,429.39,10627.64,823.02,3,-314.49,17.69,-1704.5,4,143.39,
-233.91,1813.17,0.28,-19.6,17763.15,Europe,3450.68,-160.23,High,510.36,-170.61,-746.93,-49.82,-118.38,-31.6,0.83,4582.57,2.06,-15121.34,-81.22,2164.12,3368.3,2.65,-10.32,-10487.1,-18.78,49.83,329.88,24211.26,213.06,2,-356.37,14.78,-1585.38,3,149.58,
-239.25,963.57,0.42,-14.76,23837.85,USA,3495.94,244.67,High,530.28,-362.22,-342.65,-38.46,9,-2112.08,-54.06,2206.92,-2.28,-7275.88,-66.24,2414.78,3381.4,2.62,5.58,-9929.6,-11.32,49.11,163.56,21202.4,461.22,5,-160.11,18.72,-457.88,6,141.05,
-462,535.08,0.04,-12.5,17785.32,Europe,3485.84,87.48,Medium,460.17,-341.1,-533.27,-34.94,-137.46,-1624.72,-62.79,3917.88,5.22,-268.36,-120.1,2247.81,2466.58,2.91,-2.16,-11225.8,-6.62,54.12,293.31,14902.64,618.48,3,-413.88,8.93,-882.92,3,172.59,
-53.1,2060.19,14,-17.14,9911.91,USA,3536.48,-148.04,Very low,437.7,-236.07,-533.43,-31.48,-63.86,-946.52,-67.84,1013.66,6.21,-8217.28,-60.78,2312.56,3241.04,2.57,-6.75,-12798.82,-11.16,33.42,210.69,22527.18,241.86,5,-303.24,22.52,-1228.94,1,156.61,
-410.94,659.64,2.78,-19.84,12662.01,USA,4019.9,92.21,Very low,352.98,-324.75,-367.34,-47.76,-114.94,-1537.62,-7.53,-40.94,2.96,-11184.96,-140.74,2413.54,2655.64,1.43,-11.13,-8711.91,-15.24,45.15,409.08,25036.86,224.43,4,-423.87,21.36,-1761.26,3,196.43,
-229.02,732.57,3.06,-18.04,6337.53,UK,3629.04,635.3,Medium,553.47,-305.61,-828.63,-48.92,-6.68,-2109.52,-14.31,4321.39,2.49,-14561.78,-26.9,1460.06,2382.54,0.5,-5.91,-10518.11,-13.38,48.54,226.74,23090.64,81.24,6,-231.15,20.69,-1624.7,1,184.53,
-246.78,810.09,0.74,-17.32,13109.49,Rest,656.44,555.93,Low,508.23,-252.39,-729.38,-28.92,38.62,-2393.24,-20.71,2887.51,1.91,5778.82,-105.12,2489.55,2226.74,2.01,3.96,-7014.89,-5.76,50.16,221.73,24852.68,282.51,4,-221.04,23.72,-1753.26,3,136.52,
-241.32,-193.05,2.24,-24.48,7590.39,USA,3492.74,172.72,Very low,513.18,-21.72,-651.13,-37.52,4.88,-1339.64,-44.97,-562.25,0.54,-7291.4,-175.76,2356.93,3931.08,10.19,-17.88,-4890.3,-17.5,36.12,506.49,18401.4,174.99,5,-280.35,20.4,-1757.56,4,136.29,
-307.08,1643.16,0.2,-16.76,20792.31,USA,3783.52,-41.95,Very high,388.92,-322.14,-667.81,-47.24,-98.58,-2068.3,11.04,4916.25,0.06,631.3,-190.28,1869.55,1648,5.27,-7.41,-9445.83,-6.46,46.5,294.09,27818.7,296.67,5,-346.44,20.87,-2250.22,3,181.83,
99.3,458.58,0.06,-12.98,8248.14,UK,3101.48,-339.85,Very high,444.75,-241.98,-1368.36,-39.78,-93.22,-2935.96,-70.57,4929.87,9.98,-7414.86,-137.06,2136.86,2678.52,2.82,0.93,-10226.13,-6.7,46.59,165.66,18161,411.09,6,-344.19,24.26,-3012.98,0,126.4,
-132.57,1702.41,0.1,-20.8,-2210.13,Europe,4281.94,180.07,Medium,554.22,-324.81,-709.45,-19.62,-85.22,-1595.1,-30.89,3421.87,-0.07,-15794.38,-125.96,2245.05,3621.28,0.6,1.05,-6344.58,-9.86,56.13,262.77,20179.84,227.04,3,-454.92,15.51,-1795.12,2,21.14,
-203.52,1095.27,15.7,-15.76,12476.25,UK,1893.84,55.65,Medium,496.8,-415.14,-889.07,-35.38,-123.6,-874.66,-93.01,1993.49,4.42,-2021.48,-69,2262.1,2804.74,1.87,-17.58,-13742.1,-8.06,55.5,358.02,20965.68,592.65,7,-264.96,12.58,-2692.64,6,174.04,
-86.58,1296.27,375.44,-19.76,13980.27,USA,2436.12,319.03,High,472.89,-275.25,-395.89,-31.58,-4.14,-1495.08,-27.78,3895.63,-1.72,-9995.68,-16.64,2525.88,2834.16,0.92,-4.83,-10229.94,-20.56,41.61,280.08,12781.96,323.97,4,-208.8,18.01,-1420.84,5,157.43,
-222.54,3539.52,2.48,-22.14,3075.63,UK,3967.64,101.39,Very high,339.3,-250.53,-475.57,-39.02,-112.4,-1614.28,43.34,7490.47,4.58,-9006.36,-112.72,2421.47,3437.7,2.65,-1.95,-11316.39,-25.26,33.96,375.33,32193.54,-64.62,4,-381.78,18.92,-2149.38,3,180.8,
-228.84,3029.13,0.96,-18.62,4553.76,UK,1826.12,-529,Very low,438.78,-132.9,-524.38,-38.92,-48.76,-944.54,24.52,4642.4,7.42,-16341.32,37.54,2615.52,1886.44,0.43,-15.48,-10992.15,-9.34,49.02,425.55,32057.72,421.47,5,-204.9,20.74,-1095.24,3,140.63,
-203.61,2162.4,26.66,-16.74,-11072.34,UK,3465.1,56.55,High,662.1,-684.12,-806.06,-54.1,79.54,-1839,-68.17,-3064.32,4.29,-5221.42,-162.36,2284.7,1780.74,3.09,-7.56,-4551.1,-22.6,49.11,214.41,21401.68,321.27,5,-311.31,21.37,-1104.96,4,190.45,
-260.64,-274.65,129.14,-21.64,4111.86,USA,5489.2,-245.08,Very high,523.62,-236.52,-340.4,-31.98,-160.46,-2123.54,-7.96,6855.29,4.07,-6899.2,-120.7,3553.24,3048.8,1.31,-2.82,-10255.86,-16.84,47.94,262.56,19403.5,210.18,3,-311.01,9.83,-204.44,5,248.92,
-309.99,897.69,0.52,-18.62,-4515.99,USA,4741.86,-24.9,Very low,494.13,-364.71,-605.15,-33.82,-72.32,-1245.4,8.63,4823.52,3.13,2844.6,13.12,2250.64,2954.76,2.83,-0.87,-11509.81,-8.94,50.37,264.24,21612.94,157.26,7,-227.01,26.84,-1169.3,2,243.28,
-211.44,1651.05,365.02,-26.14,6699.27,UK,3394.96,-43.19,Low,424.8,-312.06,-680.67,-34.72,-91.12,-2416.12,-31.28,2046.26,-0.66,-7224.88,-57.32,2237.5,4404.58,2.05,-3.87,-6158.91,-7.94,53.34,415.53,10210.64,83.91,6,-248.52,15.11,-1147.34,4,164.38,
-153.84,1097.73,0.02,-14.28,-5353.8,Europe,3055.36,-336.36,Very high,452.1,-367.02,-637.74,-56.76,-92.4,-1829.56,42.51,8866.01,3.05,-10034.74,-154.76,2470.62,3743.9,3.29,-8.7,-13965.92,-29.5,45.69,378,18980.92,307.23,3,-355.02,17.92,-1945.94,9,135.16,
-186.09,196.86,0.02,-31.18,7953.39,UK,2554.42,97.22,Medium,500.82,-340.71,-811.73,-37.26,-127.9,-2095.78,-77.27,313.65,5.35,-11472.9,-184.02,1924.79,2528.62,4.73,-10.89,-5373.76,-9.16,50.82,271.89,15653.16,238.8,5,-177.42,18.38,-1224.06,3,116.44,
-199.44,656.25,3.9,-13.62,13995.84,USA,3325.34,418.89,Very low,436.86,-223.95,-607.47,-49.84,-57.8,-1183.84,8.57,499.52,-0.07,-2094.62,-147.94,2173.39,2955.26,5.38,-19.17,-9577.79,-26.22,47.64,341.43,24378.04,121.65,7,-275.13,29.84,-1231.46,3,154.9,
-304.59,833.97,2.6,-16.54,9997.23,USA,3908.36,141.24,Very low,475.02,-401.22,-519.44,-50.8,89.56,-1764.92,-27.06,-3936.71,9.71,-7597.22,-4.26,2470.81,2475.96,0.6,-13.83,-8523.63,3.36,47.46,414.24,24803.64,263.85,6,-320.34,14.76,-1814.3,5,142.69,
-532.71,314.91,8.18,-14.38,8085.9,UK,2820.88,190.12,Very low,411.36,-145.71,-536.74,-35.16,-45.5,251.62,-27.17,-1535.46,8.49,-1266.58,-219.46,2613.24,1850.58,10.44,-20.07,-12371.28,-13.48,49.11,479.22,20808.44,196.17,5,-382.17,19.24,-170.7,2,173.43,
-71.64,1864.89,4.88,-22.18,16753.95,USA,2179.32,426.46,Very high,456.78,-200.28,-768.56,-18.8,88.9,-2433.04,-20.3,2830.33,2.21,-9183.44,-95.38,2077.22,2058.24,2.64,-6.57,-10703.1,-16.8,43.02,44.43,15473.08,163.47,5,-375.81,20.76,-1558.9,2,211.33,
-198.51,2178.36,2.24,-17.72,7233.66,UK,3644.8,381.41,Medium,816.81,-267.21,-289.39,-36.74,-63.44,-1515.16,-54.47,-1369.92,3.54,-12597.34,-46.04,2825.9,3156.7,4.03,-11.58,-13589.84,-0.22,42.66,287.49,20229.66,177.75,3,-299.4,27.36,-1420.6,5,160.19,
-438.57,-357.6,34.4,-21.46,864.87,UK,5170.06,418.75,Medium,636.27,-258.15,-902.84,-31.06,24.64,-1729.92,-28.95,1535.15,0.65,-12894.8,-78.06,2642.08,2039.04,4.21,-6.75,-6926.23,-10.18,61.05,81.24,30859.78,225.81,5,-437.55,20.13,-1913.56,3,30.3,
-235.83,3672.54,0.12,-28.88,635.64,Europe,3838.16,23.37,High,427.02,-227.37,-362.48,-38.64,-12.24,-778.94,-28.46,4205.17,8.37,-5804.68,-189.32,2239.45,3331.22,2.54,6.75,-8105.79,-10.58,49.53,256.41,25091.04,-49.38,2,-338.19,20.42,-614.56,4,218.06,
-95.79,1445.01,3.44,-27.08,11587.74,Europe,3347.4,-160.12,Medium,467.82,-250.62,-492.34,-20.16,-149.5,-1836.36,-4.39,7550.03,0.1,-17954.04,24.74,2345.08,2667.74,3.15,1.23,-11298.29,3.62,49.86,297.48,18432.68,238.68,4,-274.38,11.59,-2167.1,10,131.66,
-296.49,1631.01,0,-18.1,-10567.95,Rest,4328.78,-262.93,Medium,567.39,-113.67,-236.14,-40.16,-60.52,-2254.46,-1.22,3490.19,1.42,-8402.54,-113.78,2665.82,1882.02,0.22,-3.36,-11185.84,-14.6,54.24,341.97,22351.64,-291.66,4,-229.89,24.99,-584.34,3,167.07,
-228.15,558.51,0,-21.82,7728.15,USA,4355.28,123.68,Very low,463.35,-252.66,-922.83,-39.54,-180.58,-1450.46,-17.97,1553.19,-0.75,2120.8,-132.86,2582.24,3956.8,3.12,3.99,-4557.9,-5.06,60.18,603.42,11325.9,308.49,8,-447.48,17.88,-1293.76,3,136.78,
-209.4,1429.05,7.22,-14.38,1552.83,USA,3432.54,4.15,High,517.2,22.83,-1033.1,-37.76,0.28,-1376,-16.7,6198.11,1.6,-8127.74,-119.06,2599.02,2143.74,3.53,-28.2,-7473.4,-21.52,51.09,418.83,22297.56,246.54,3,-331.98,15.88,-1860.68,2,136.64,
-242.88,-665.16,4.14,-21,1786.02,Europe,3894.2,524.35,Very low,481.2,-286.08,-535.77,-40.38,-80.22,-958.58,-38.35,-1735.57,-0.36,-17425.42,-9.64,2204.62,2306.02,4.13,-9.09,-12972.64,-9.7,72.96,411.48,19299.2,315.66,2,-234.93,21.42,-1034.06,5,178.75,
-168.96,2327.64,7.58,-26.5,6459.93,Rest,3199.08,114.2,Medium,509.19,-112.17,-310.32,-19.38,-78.7,-925.46,-40.08,171.81,4.15,-8597.18,-110.04,2182.29,2240.08,1.39,0.69,-3155.91,-10.7,45.84,199.29,19676.2,260.97,2,-291.03,17.83,-1904.56,2,176.93,
-265.47,2212.83,2.62,-13.64,2920.14,USA,4164.54,323.3,Low,351.84,-293.07,-1314.15,-37.28,-108.98,-1230.52,9.68,1782.65,0.03,-6669.84,-153.48,2049.74,2347.88,8.03,-5.04,-3092.01,-15.28,55.98,-40.14,26306.66,409.35,2,-167.01,17.84,-2494,5,158.01,
-147.54,2710.23,0.18,-20.14,11133.69,UK,4980.32,-81.27,High,945,-339.72,-860.89,-36.2,92.24,-2168.72,-21.92,-873.65,2.78,7983.5,-160.9,2152.79,1726.1,2.4,-24.21,-14738.36,-7.42,31.05,283.86,18486.36,747.75,3,-290.28,25.56,-1738.44,2,135.08,
-288.9,1839.69,30.68,-19.74,-19179.18,Europe,3779.06,386.99,Very high,281.67,-269.31,-669.24,-41.74,-95.2,-1555.5,-57.6,3767.24,8.25,3986.68,28.84,2073.09,2676.3,2.86,12.48,-7797.83,-5.92,53.16,179.7,33852.3,510.3,3,-360.42,19.18,-1401.54,4,13.32,
-423.99,2738.04,0.02,-22.24,27440.64,USA,3685.56,-192.22,Very high,459.39,-164.94,-359.8,-37.94,-5.92,-1528.66,-30.34,2593.57,2.94,-73.68,-167.16,2389.83,2118.16,3.02,3.48,-8063.69,-9.92,40.68,261.72,19064.32,255.09,6,-430.86,20.1,-1260,5,134.5,
-98.49,1742.37,0.56,-12.88,-572.49,Rest,3859.16,-5.62,Medium,422.61,-79.29,-278.51,-23.02,-135.92,-2141.9,-37.69,592.5,5.71,-2097.44,10.18,2383.09,3851.22,5.91,-57.3,-10105.97,-0.78,34.8,443.88,24637.12,308.76,5,-266.04,19.81,-2676.32,5,135.53,
265.59,1023.27,4.9,-29.8,-1664.7,Europe,2908.36,170.44,High,470.85,-371.91,-56.96,-35,50.98,-1900.42,-20.66,885.18,3.38,-6716.56,-140.04,2304.98,2329.38,5.29,-7.29,-3314.42,-10.46,40.17,536.52,16311.68,409.02,2,-374.19,19.4,-864.8,7,177.57,
-211.59,2415.45,0.1,-29.22,4865.73,Rest,3316.04,160.55,Very high,421.11,-192.27,-542.28,-38.76,-102.68,-1803.36,-4.86,5960.65,1.22,-2902.52,-130.7,2117.24,2419.22,1.14,2.19,-11047.74,-5.76,48.48,304.89,17735.72,252.21,5,-354.54,16.5,-1737.82,5,203.42,
-179.52,1933.29,6.46,-19.02,-10327.05,USA,5218.4,43.68,Medium,655.2,-537.93,-449.71,-35.76,-89.68,-1646.3,-56.55,-1169.09,2.71,-8822.32,-95.18,2904.9,3723.54,2.25,-12.06,-5716.56,-21.7,48.93,289.71,24537.54,290.31,3,-323.31,20.72,-248.68,6,173.08,
-185.25,2508.36,7.04,-15.6,2643.99,Rest,3727.78,-60.91,Medium,382.26,-132.18,-423.48,-26.68,-47.28,-2071.6,-1.02,3464.6,1.96,-18488.92,-65.82,1567.21,1317.44,4.01,-10.56,-11381.72,15.16,48.72,134.13,18603.04,201.96,5,-441.9,21.81,-754.48,5,198.55,
-198.66,1915.74,0.48,-27.5,1502.25,UK,3822.36,92.88,Very low,474.99,-278.67,-883.09,-36.26,-7.22,-861.16,-114.14,6463.59,5.85,-8653.2,-55.44,2214.44,2090.92,3.65,-12.21,-13966.81,-10.76,47.46,52.26,31723.84,216.51,8,-176.61,20.15,-783.78,3,97.94,
-316.53,1181.22,0.74,-14.6,8933.97,Rest,3940.18,131.22,High,560.46,-141.06,-867.84,-43.18,22.72,-1017.98,-55.04,3193.33,2.65,-4888.96,-130.98,2650.72,2336.62,8.99,-8.25,-8396.49,-11.56,48.9,224.19,21120.86,252.72,4,-403.98,20.06,-586,4,260.63,
-248.49,3243.3,0.52,-30.68,6856.05,Europe,4424.68,443.78,Very low,471.9,-359.55,-526.69,-46.22,-129.78,-1481.54,-31.73,5621.29,4.85,-14073.68,-133.76,2861.41,2595.86,1.28,-4.41,-5942.63,-23.1,19.92,134.4,30679.04,356.82,5,-220.35,13.54,-1810.04,4,201.65,
-171.57,3439.8,79.74,-16.06,-11455.5,Rest,3591.78,-14.09,Low,506.1,-461.16,-1288.9,-53.02,-36.32,-1562.3,-12.9,1548.03,1.72,-1994.06,-64.48,2524.94,3409.06,5.89,-14.25,-7899.57,-1.94,48.93,448.95,29661.7,134.79,1,-366,16.7,-1898.84,3,152.92,
-282.78,587.43,0.08,-25.78,4082.67,Rest,3535.26,-212.27,Very high,156.45,-136.2,-325.53,-25.92,-144.78,-2326.5,-33.38,-1883.69,-0.01,275.64,-64.92,2307.99,2268.82,3.9,2.43,-7092.54,-15.18,53.25,489.3,8363.84,265.86,1,-409.29,19.29,-1665.14,3,216.4,
-228,3156.27,0.1,-14.54,2335.02,Europe,3413.12,152.87,Very low,482.13,-625.2,-268.23,-35.04,-71.86,-1356.14,-31.05,278.22,3.5,-5542.92,32.66,1943.75,2821.54,2.73,-16.35,-6138.13,-2.72,46.23,373.95,20214.08,123.9,2,-202.71,22.97,-1086.42,3,162.32,
-232.8,3160.26,26.28,-15.84,-2149.74,USA,4053.38,-71.62,Medium,616.86,-316.56,-603.19,-31.48,-63.14,-1112.12,-11.6,4302.31,5.94,-14368.96,-152.28,2746.24,3064.66,3.03,-4.2,-9945,-2.36,58.98,258.24,14357.18,81.24,4,-105.27,19.95,-917.62,4,185.32,
-185.28,25.56,0,-20.02,-6191.55,USA,6529.66,-116.51,High,407.61,-146.25,-1014.83,-36.6,-53.62,-1631.9,-15.66,1699.59,0.1,-8400.22,41.64,2118.46,1687.54,3.03,-7.11,-8943.96,-8.72,41.19,307.44,32048.04,263.7,3,-441.66,17.06,-1473.64,1,188.45,
-285.3,2567.61,0.48,-20.26,11084.85,Rest,2459.46,508.93,Very low,471.45,-270.99,-319.16,-37.04,-89.34,-1389.62,-43.19,-748.23,5.07,-13608.46,46.86,3373.67,4162.76,1.31,-14.55,-8646.04,-13.94,58.95,88.83,22729.32,292.17,4,-464.4,24.52,-2133.16,5,169.96,
-305.19,582.66,0.46,-24.06,-3043.68,Europe,2958.82,29.56,Very low,445.89,-246.42,-941.46,-42.58,-76.9,-1600.84,-39.54,-615.99,2.21,-12226.44,-45.68,2381.74,2866.4,3.59,-6.06,-2846.99,-7.18,55.5,90.96,13650.58,255.39,4,-429.45,15.5,-403.04,6,130.74,
-213.48,1418.22,0.06,-29.94,-2339.79,Europe,3506.12,881.98,Medium,482.37,-484.41,-651.21,-52.14,-41.32,-735.04,-22.6,4200.24,4.04,-6894.14,-123.12,1947.62,3052.24,5.74,-8.01,-7992.99,-18.38,40.08,220.68,7067.36,28.8,5,-430.74,22.9,-1907.84,3,153.7,
-181.86,698.61,0.02,-18.98,20260.5,USA,3112.06,162.08,Low,506.88,-128.34,-963.79,-52.92,-37.88,-1155.34,-9.37,1030.11,-1.67,-981.08,-1.36,2184.52,3995.92,0.97,-40.17,-10774.26,46.4,28.05,267.9,21259.92,226.92,10,-366.66,15.57,-2016.2,2,130.24,
-24.87,1222.83,4.92,-20.6,508.17,USA,3580.44,194.14,Medium,476.97,-221.58,-196.98,-41.16,-136.48,-2028.9,-34.52,5662.07,8.4,-2546.68,-101.46,2038.77,3176.58,3.21,-0.72,-8835.39,0.16,59.46,441.06,19857.56,246.39,6,-299.73,9.74,-1652.34,4,159.76,
-217.32,2996.94,0.1,-18.56,4109.49,UK,3201.72,-157.34,Medium,488.1,-153.6,-737.92,-33.76,-147.28,-943.48,-11.23,1445.12,4.11,-7236.86,-55.32,2859.59,1406.84,4.32,-9.96,-10147.18,-31.58,42,201.03,18926.82,174.06,4,-336.81,22.63,-1786.56,3,174.04,
-397.5,1908.57,0.24,-20.78,4844.52,Rest,3507.28,226.12,High,451.86,-211.47,-228.02,-39.56,-88.22,-1120.96,-34.61,281.75,6.88,-1697.84,-176.44,2441.13,1896.58,1.77,-4.41,-11585.72,0.38,43.86,226.74,24845,219.75,2,-366.21,25.27,-1621.6,6,114.27,
-183.72,2215.83,3.56,-14.3,-1954.86,Europe,4490.9,500.26,Very high,421.89,-130.98,-915.31,-39.84,-15.8,-1641.58,-59.43,4965.42,3.9,-12860.1,-103.86,1976.6,1965.76,7.72,3.51,-4455,-9.08,49.29,236.61,23839.86,254.19,5,-183.87,12.09,-890.46,4,223.96,
-254.94,598.17,0.96,-16.08,5670.54,Rest,3295.42,364.05,Low,560.52,-173.88,-789.09,-28.7,-39.48,-1777.98,-10.05,4221.01,1.83,-2634.66,-52.56,2210.94,3283.34,2.26,-3.27,-9464.8,-13.04,55.89,617.01,22592.04,271.26,2,-254.28,20.52,-2383.38,1,176.55,
-174.51,818.76,224929.74,-24.02,25689.9,UK,3843.04,18.85,Very low,162.18,-189.45,-381.73,-41.98,-18,-846.08,-22.57,4948.8,7.39,-10824.68,-51.84,1730.44,2636.42,6.32,-13.92,-8522.46,-6.2,50.13,327,12815.08,108.15,4,-190.02,16.74,-2001.94,2,178.09,
